81
0.000000 0.000000
0.125000 0.000000
0.250000 0.000000
0.375000 0.000000
0.500000 0.000000
0.625000 0.000000
0.750000 0.000000
0.875000 0.000000
1.000000 0.000000
0.000000 0.125000
0.125000 0.125000
0.250000 0.125000
0.375000 0.125000
0.500000 0.125000
0.625000 0.125000
0.750000 0.125000
0.875000 0.125000
1.000000 0.125000
0.000000 0.250000
0.125000 0.250000
0.250000 0.250000
0.375000 0.250000
0.500000 0.250000
0.625000 0.250000
0.750000 0.250000
0.875000 0.250000
1.000000 0.250000
0.000000 0.375000
0.125000 0.375000
0.250000 0.375000
0.375000 0.375000
0.500000 0.375000
0.625000 0.375000
0.750000 0.375000
0.875000 0.375000
1.000000 0.375000
0.000000 0.500000
0.125000 0.500000
0.250000 0.500000
0.375000 0.500000
0.500000 0.500000
0.625000 0.500000
0.750000 0.500000
0.875000 0.500000
1.000000 0.500000
0.000000 0.625000
0.125000 0.625000
0.250000 0.625000
0.375000 0.625000
0.500000 0.625000
0.625000 0.625000
0.750000 0.625000
0.875000 0.625000
1.000000 0.625000
0.000000 0.750000
0.125000 0.750000
0.250000 0.750000
0.375000 0.750000
0.500000 0.750000
0.625000 0.750000
0.750000 0.750000
0.875000 0.750000
1.000000 0.750000
0.000000 0.875000
0.125000 0.875000
0.250000 0.875000
0.375000 0.875000
0.500000 0.875000
0.625000 0.875000
0.750000 0.875000
0.875000 0.875000
1.000000 0.875000
0.000000 1.000000
0.125000 1.000000
0.250000 1.000000
0.375000 1.000000
0.500000 1.000000
0.625000 1.000000
0.750000 1.000000
0.875000 1.000000
1.000000 1.000000
64 1 4 4
2 11 10 1 0 0 4 1 
3 12 11 2 0 0 0 1 
4 13 12 3 0 0 0 1 
5 14 13 4 0 0 0 1 
6 15 14 5 0 0 0 1 
7 16 15 6 0 0 0 1 
8 17 16 7 0 0 0 1 
9 18 17 8 2 0 0 1 
11 20 19 10 0 0 4 0 
12 21 20 11 0 0 0 0 
13 22 21 12 0 0 0 0 
14 23 22 13 0 0 0 0 
15 24 23 14 0 0 0 0 
16 25 24 15 0 0 0 0 
17 26 25 16 0 0 0 0 
18 27 26 17 2 0 0 0 
20 29 28 19 0 0 4 0 
21 30 29 20 0 0 0 0 
22 31 30 21 0 0 0 0 
23 32 31 22 0 0 0 0 
24 33 32 23 0 0 0 0 
25 34 33 24 0 0 0 0 
26 35 34 25 0 0 0 0 
27 36 35 26 2 0 0 0 
29 38 37 28 0 0 4 0 
30 39 38 29 0 0 0 0 
31 40 39 30 0 0 0 0 
32 41 40 31 0 0 0 0 
33 42 41 32 0 0 0 0 
34 43 42 33 0 0 0 0 
35 44 43 34 0 0 0 0 
36 45 44 35 2 0 0 0 
38 47 46 37 0 0 4 0 
39 48 47 38 0 0 0 0 
40 49 48 39 0 0 0 0 
41 50 49 40 0 0 0 0 
42 51 50 41 0 0 0 0 
43 52 51 42 0 0 0 0 
44 53 52 43 0 0 0 0 
45 54 53 44 2 0 0 0 
47 56 55 46 0 0 4 0 
48 57 56 47 0 0 0 0 
49 58 57 48 0 0 0 0 
50 59 58 49 0 0 0 0 
51 60 59 50 0 0 0 0 
52 61 60 51 0 0 0 0 
53 62 61 52 0 0 0 0 
54 63 62 53 2 0 0 0 
56 65 64 55 0 0 4 0 
57 66 65 56 0 0 0 0 
58 67 66 57 0 0 0 0 
59 68 67 58 0 0 0 0 
60 69 68 59 0 0 0 0 
61 70 69 60 0 0 0 0 
62 71 70 61 0 0 0 0 
63 72 71 62 2 0 0 0 
65 74 73 64 0 3 4 0 
66 75 74 65 0 3 0 0 
67 76 75 66 0 3 0 0 
68 77 76 67 0 3 0 0 
69 78 77 68 0 3 0 0 
70 79 78 69 0 3 0 0 
71 80 79 70 0 3 0 0 
72 81 80 71 2 3 0 0 
