289
0.000000 0.000000
0.062500 0.000000
0.125000 0.000000
0.187500 0.000000
0.250000 0.000000
0.312500 0.000000
0.375000 0.000000
0.437500 0.000000
0.500000 0.000000
0.562500 0.000000
0.625000 0.000000
0.687500 0.000000
0.750000 0.000000
0.812500 0.000000
0.875000 0.000000
0.937500 0.000000
1.000000 0.000000
0.000000 0.062500
0.062500 0.062500
0.125000 0.062500
0.187500 0.062500
0.250000 0.062500
0.312500 0.062500
0.375000 0.062500
0.437500 0.062500
0.500000 0.062500
0.562500 0.062500
0.625000 0.062500
0.687500 0.062500
0.750000 0.062500
0.812500 0.062500
0.875000 0.062500
0.937500 0.062500
1.000000 0.062500
0.000000 0.125000
0.062500 0.125000
0.125000 0.125000
0.187500 0.125000
0.250000 0.125000
0.312500 0.125000
0.375000 0.125000
0.437500 0.125000
0.500000 0.125000
0.562500 0.125000
0.625000 0.125000
0.687500 0.125000
0.750000 0.125000
0.812500 0.125000
0.875000 0.125000
0.937500 0.125000
1.000000 0.125000
0.000000 0.187500
0.062500 0.187500
0.125000 0.187500
0.187500 0.187500
0.250000 0.187500
0.312500 0.187500
0.375000 0.187500
0.437500 0.187500
0.500000 0.187500
0.562500 0.187500
0.625000 0.187500
0.687500 0.187500
0.750000 0.187500
0.812500 0.187500
0.875000 0.187500
0.937500 0.187500
1.000000 0.187500
0.000000 0.250000
0.062500 0.250000
0.125000 0.250000
0.187500 0.250000
0.250000 0.250000
0.312500 0.250000
0.375000 0.250000
0.437500 0.250000
0.500000 0.250000
0.562500 0.250000
0.625000 0.250000
0.687500 0.250000
0.750000 0.250000
0.812500 0.250000
0.875000 0.250000
0.937500 0.250000
1.000000 0.250000
0.000000 0.312500
0.062500 0.312500
0.125000 0.312500
0.187500 0.312500
0.250000 0.312500
0.312500 0.312500
0.375000 0.312500
0.437500 0.312500
0.500000 0.312500
0.562500 0.312500
0.625000 0.312500
0.687500 0.312500
0.750000 0.312500
0.812500 0.312500
0.875000 0.312500
0.937500 0.312500
1.000000 0.312500
0.000000 0.375000
0.062500 0.375000
0.125000 0.375000
0.187500 0.375000
0.250000 0.375000
0.312500 0.375000
0.375000 0.375000
0.437500 0.375000
0.500000 0.375000
0.562500 0.375000
0.625000 0.375000
0.687500 0.375000
0.750000 0.375000
0.812500 0.375000
0.875000 0.375000
0.937500 0.375000
1.000000 0.375000
0.000000 0.437500
0.062500 0.437500
0.125000 0.437500
0.187500 0.437500
0.250000 0.437500
0.312500 0.437500
0.375000 0.437500
0.437500 0.437500
0.500000 0.437500
0.562500 0.437500
0.625000 0.437500
0.687500 0.437500
0.750000 0.437500
0.812500 0.437500
0.875000 0.437500
0.937500 0.437500
1.000000 0.437500
0.000000 0.500000
0.062500 0.500000
0.125000 0.500000
0.187500 0.500000
0.250000 0.500000
0.312500 0.500000
0.375000 0.500000
0.437500 0.500000
0.500000 0.500000
0.562500 0.500000
0.625000 0.500000
0.687500 0.500000
0.750000 0.500000
0.812500 0.500000
0.875000 0.500000
0.937500 0.500000
1.000000 0.500000
0.000000 0.562500
0.062500 0.562500
0.125000 0.562500
0.187500 0.562500
0.250000 0.562500
0.312500 0.562500
0.375000 0.562500
0.437500 0.562500
0.500000 0.562500
0.562500 0.562500
0.625000 0.562500
0.687500 0.562500
0.750000 0.562500
0.812500 0.562500
0.875000 0.562500
0.937500 0.562500
1.000000 0.562500
0.000000 0.625000
0.062500 0.625000
0.125000 0.625000
0.187500 0.625000
0.250000 0.625000
0.312500 0.625000
0.375000 0.625000
0.437500 0.625000
0.500000 0.625000
0.562500 0.625000
0.625000 0.625000
0.687500 0.625000
0.750000 0.625000
0.812500 0.625000
0.875000 0.625000
0.937500 0.625000
1.000000 0.625000
0.000000 0.687500
0.062500 0.687500
0.125000 0.687500
0.187500 0.687500
0.250000 0.687500
0.312500 0.687500
0.375000 0.687500
0.437500 0.687500
0.500000 0.687500
0.562500 0.687500
0.625000 0.687500
0.687500 0.687500
0.750000 0.687500
0.812500 0.687500
0.875000 0.687500
0.937500 0.687500
1.000000 0.687500
0.000000 0.750000
0.062500 0.750000
0.125000 0.750000
0.187500 0.750000
0.250000 0.750000
0.312500 0.750000
0.375000 0.750000
0.437500 0.750000
0.500000 0.750000
0.562500 0.750000
0.625000 0.750000
0.687500 0.750000
0.750000 0.750000
0.812500 0.750000
0.875000 0.750000
0.937500 0.750000
1.000000 0.750000
0.000000 0.812500
0.062500 0.812500
0.125000 0.812500
0.187500 0.812500
0.250000 0.812500
0.312500 0.812500
0.375000 0.812500
0.437500 0.812500
0.500000 0.812500
0.562500 0.812500
0.625000 0.812500
0.687500 0.812500
0.750000 0.812500
0.812500 0.812500
0.875000 0.812500
0.937500 0.812500
1.000000 0.812500
0.000000 0.875000
0.062500 0.875000
0.125000 0.875000
0.187500 0.875000
0.250000 0.875000
0.312500 0.875000
0.375000 0.875000
0.437500 0.875000
0.500000 0.875000
0.562500 0.875000
0.625000 0.875000
0.687500 0.875000
0.750000 0.875000
0.812500 0.875000
0.875000 0.875000
0.937500 0.875000
1.000000 0.875000
0.000000 0.937500
0.062500 0.937500
0.125000 0.937500
0.187500 0.937500
0.250000 0.937500
0.312500 0.937500
0.375000 0.937500
0.437500 0.937500
0.500000 0.937500
0.562500 0.937500
0.625000 0.937500
0.687500 0.937500
0.750000 0.937500
0.812500 0.937500
0.875000 0.937500
0.937500 0.937500
1.000000 0.937500
0.000000 1.000000
0.062500 1.000000
0.125000 1.000000
0.187500 1.000000
0.250000 1.000000
0.312500 1.000000
0.375000 1.000000
0.437500 1.000000
0.500000 1.000000
0.562500 1.000000
0.625000 1.000000
0.687500 1.000000
0.750000 1.000000
0.812500 1.000000
0.875000 1.000000
0.937500 1.000000
1.000000 1.000000
256 1 4 4
2 19 18 1 0 0 4 1 
3 20 19 2 0 0 0 1 
4 21 20 3 0 0 0 1 
5 22 21 4 0 0 0 1 
6 23 22 5 0 0 0 1 
7 24 23 6 0 0 0 1 
8 25 24 7 0 0 0 1 
9 26 25 8 0 0 0 1 
10 27 26 9 0 0 0 1 
11 28 27 10 0 0 0 1 
12 29 28 11 0 0 0 1 
13 30 29 12 0 0 0 1 
14 31 30 13 0 0 0 1 
15 32 31 14 0 0 0 1 
16 33 32 15 0 0 0 1 
17 34 33 16 2 0 0 1 
19 36 35 18 0 0 4 0 
20 37 36 19 0 0 0 0 
21 38 37 20 0 0 0 0 
22 39 38 21 0 0 0 0 
23 40 39 22 0 0 0 0 
24 41 40 23 0 0 0 0 
25 42 41 24 0 0 0 0 
26 43 42 25 0 0 0 0 
27 44 43 26 0 0 0 0 
28 45 44 27 0 0 0 0 
29 46 45 28 0 0 0 0 
30 47 46 29 0 0 0 0 
31 48 47 30 0 0 0 0 
32 49 48 31 0 0 0 0 
33 50 49 32 0 0 0 0 
34 51 50 33 2 0 0 0 
36 53 52 35 0 0 4 0 
37 54 53 36 0 0 0 0 
38 55 54 37 0 0 0 0 
39 56 55 38 0 0 0 0 
40 57 56 39 0 0 0 0 
41 58 57 40 0 0 0 0 
42 59 58 41 0 0 0 0 
43 60 59 42 0 0 0 0 
44 61 60 43 0 0 0 0 
45 62 61 44 0 0 0 0 
46 63 62 45 0 0 0 0 
47 64 63 46 0 0 0 0 
48 65 64 47 0 0 0 0 
49 66 65 48 0 0 0 0 
50 67 66 49 0 0 0 0 
51 68 67 50 2 0 0 0 
53 70 69 52 0 0 4 0 
54 71 70 53 0 0 0 0 
55 72 71 54 0 0 0 0 
56 73 72 55 0 0 0 0 
57 74 73 56 0 0 0 0 
58 75 74 57 0 0 0 0 
59 76 75 58 0 0 0 0 
60 77 76 59 0 0 0 0 
61 78 77 60 0 0 0 0 
62 79 78 61 0 0 0 0 
63 80 79 62 0 0 0 0 
64 81 80 63 0 0 0 0 
65 82 81 64 0 0 0 0 
66 83 82 65 0 0 0 0 
67 84 83 66 0 0 0 0 
68 85 84 67 2 0 0 0 
70 87 86 69 0 0 4 0 
71 88 87 70 0 0 0 0 
72 89 88 71 0 0 0 0 
73 90 89 72 0 0 0 0 
74 91 90 73 0 0 0 0 
75 92 91 74 0 0 0 0 
76 93 92 75 0 0 0 0 
77 94 93 76 0 0 0 0 
78 95 94 77 0 0 0 0 
79 96 95 78 0 0 0 0 
80 97 96 79 0 0 0 0 
81 98 97 80 0 0 0 0 
82 99 98 81 0 0 0 0 
83 100 99 82 0 0 0 0 
84 101 100 83 0 0 0 0 
85 102 101 84 2 0 0 0 
87 104 103 86 0 0 4 0 
88 105 104 87 0 0 0 0 
89 106 105 88 0 0 0 0 
90 107 106 89 0 0 0 0 
91 108 107 90 0 0 0 0 
92 109 108 91 0 0 0 0 
93 110 109 92 0 0 0 0 
94 111 110 93 0 0 0 0 
95 112 111 94 0 0 0 0 
96 113 112 95 0 0 0 0 
97 114 113 96 0 0 0 0 
98 115 114 97 0 0 0 0 
99 116 115 98 0 0 0 0 
100 117 116 99 0 0 0 0 
101 118 117 100 0 0 0 0 
102 119 118 101 2 0 0 0 
104 121 120 103 0 0 4 0 
105 122 121 104 0 0 0 0 
106 123 122 105 0 0 0 0 
107 124 123 106 0 0 0 0 
108 125 124 107 0 0 0 0 
109 126 125 108 0 0 0 0 
110 127 126 109 0 0 0 0 
111 128 127 110 0 0 0 0 
112 129 128 111 0 0 0 0 
113 130 129 112 0 0 0 0 
114 131 130 113 0 0 0 0 
115 132 131 114 0 0 0 0 
116 133 132 115 0 0 0 0 
117 134 133 116 0 0 0 0 
118 135 134 117 0 0 0 0 
119 136 135 118 2 0 0 0 
121 138 137 120 0 0 4 0 
122 139 138 121 0 0 0 0 
123 140 139 122 0 0 0 0 
124 141 140 123 0 0 0 0 
125 142 141 124 0 0 0 0 
126 143 142 125 0 0 0 0 
127 144 143 126 0 0 0 0 
128 145 144 127 0 0 0 0 
129 146 145 128 0 0 0 0 
130 147 146 129 0 0 0 0 
131 148 147 130 0 0 0 0 
132 149 148 131 0 0 0 0 
133 150 149 132 0 0 0 0 
134 151 150 133 0 0 0 0 
135 152 151 134 0 0 0 0 
136 153 152 135 2 0 0 0 
138 155 154 137 0 0 4 0 
139 156 155 138 0 0 0 0 
140 157 156 139 0 0 0 0 
141 158 157 140 0 0 0 0 
142 159 158 141 0 0 0 0 
143 160 159 142 0 0 0 0 
144 161 160 143 0 0 0 0 
145 162 161 144 0 0 0 0 
146 163 162 145 0 0 0 0 
147 164 163 146 0 0 0 0 
148 165 164 147 0 0 0 0 
149 166 165 148 0 0 0 0 
150 167 166 149 0 0 0 0 
151 168 167 150 0 0 0 0 
152 169 168 151 0 0 0 0 
153 170 169 152 2 0 0 0 
155 172 171 154 0 0 4 0 
156 173 172 155 0 0 0 0 
157 174 173 156 0 0 0 0 
158 175 174 157 0 0 0 0 
159 176 175 158 0 0 0 0 
160 177 176 159 0 0 0 0 
161 178 177 160 0 0 0 0 
162 179 178 161 0 0 0 0 
163 180 179 162 0 0 0 0 
164 181 180 163 0 0 0 0 
165 182 181 164 0 0 0 0 
166 183 182 165 0 0 0 0 
167 184 183 166 0 0 0 0 
168 185 184 167 0 0 0 0 
169 186 185 168 0 0 0 0 
170 187 186 169 2 0 0 0 
172 189 188 171 0 0 4 0 
173 190 189 172 0 0 0 0 
174 191 190 173 0 0 0 0 
175 192 191 174 0 0 0 0 
176 193 192 175 0 0 0 0 
177 194 193 176 0 0 0 0 
178 195 194 177 0 0 0 0 
179 196 195 178 0 0 0 0 
180 197 196 179 0 0 0 0 
181 198 197 180 0 0 0 0 
182 199 198 181 0 0 0 0 
183 200 199 182 0 0 0 0 
184 201 200 183 0 0 0 0 
185 202 201 184 0 0 0 0 
186 203 202 185 0 0 0 0 
187 204 203 186 2 0 0 0 
189 206 205 188 0 0 4 0 
190 207 206 189 0 0 0 0 
191 208 207 190 0 0 0 0 
192 209 208 191 0 0 0 0 
193 210 209 192 0 0 0 0 
194 211 210 193 0 0 0 0 
195 212 211 194 0 0 0 0 
196 213 212 195 0 0 0 0 
197 214 213 196 0 0 0 0 
198 215 214 197 0 0 0 0 
199 216 215 198 0 0 0 0 
200 217 216 199 0 0 0 0 
201 218 217 200 0 0 0 0 
202 219 218 201 0 0 0 0 
203 220 219 202 0 0 0 0 
204 221 220 203 2 0 0 0 
206 223 222 205 0 0 4 0 
207 224 223 206 0 0 0 0 
208 225 224 207 0 0 0 0 
209 226 225 208 0 0 0 0 
210 227 226 209 0 0 0 0 
211 228 227 210 0 0 0 0 
212 229 228 211 0 0 0 0 
213 230 229 212 0 0 0 0 
214 231 230 213 0 0 0 0 
215 232 231 214 0 0 0 0 
216 233 232 215 0 0 0 0 
217 234 233 216 0 0 0 0 
218 235 234 217 0 0 0 0 
219 236 235 218 0 0 0 0 
220 237 236 219 0 0 0 0 
221 238 237 220 2 0 0 0 
223 240 239 222 0 0 4 0 
224 241 240 223 0 0 0 0 
225 242 241 224 0 0 0 0 
226 243 242 225 0 0 0 0 
227 244 243 226 0 0 0 0 
228 245 244 227 0 0 0 0 
229 246 245 228 0 0 0 0 
230 247 246 229 0 0 0 0 
231 248 247 230 0 0 0 0 
232 249 248 231 0 0 0 0 
233 250 249 232 0 0 0 0 
234 251 250 233 0 0 0 0 
235 252 251 234 0 0 0 0 
236 253 252 235 0 0 0 0 
237 254 253 236 0 0 0 0 
238 255 254 237 2 0 0 0 
240 257 256 239 0 0 4 0 
241 258 257 240 0 0 0 0 
242 259 258 241 0 0 0 0 
243 260 259 242 0 0 0 0 
244 261 260 243 0 0 0 0 
245 262 261 244 0 0 0 0 
246 263 262 245 0 0 0 0 
247 264 263 246 0 0 0 0 
248 265 264 247 0 0 0 0 
249 266 265 248 0 0 0 0 
250 267 266 249 0 0 0 0 
251 268 267 250 0 0 0 0 
252 269 268 251 0 0 0 0 
253 270 269 252 0 0 0 0 
254 271 270 253 0 0 0 0 
255 272 271 254 2 0 0 0 
257 274 273 256 0 3 4 0 
258 275 274 257 0 3 0 0 
259 276 275 258 0 3 0 0 
260 277 276 259 0 3 0 0 
261 278 277 260 0 3 0 0 
262 279 278 261 0 3 0 0 
263 280 279 262 0 3 0 0 
264 281 280 263 0 3 0 0 
265 282 281 264 0 3 0 0 
266 283 282 265 0 3 0 0 
267 284 283 266 0 3 0 0 
268 285 284 267 0 3 0 0 
269 286 285 268 0 3 0 0 
270 287 286 269 0 3 0 0 
271 288 287 270 0 3 0 0 
272 289 288 271 2 3 0 0 
