1089
0.000000 0.000000
0.031250 0.000000
0.062500 0.000000
0.093750 0.000000
0.125000 0.000000
0.156250 0.000000
0.187500 0.000000
0.218750 0.000000
0.250000 0.000000
0.281250 0.000000
0.312500 0.000000
0.343750 0.000000
0.375000 0.000000
0.406250 0.000000
0.437500 0.000000
0.468750 0.000000
0.500000 0.000000
0.531250 0.000000
0.562500 0.000000
0.593750 0.000000
0.625000 0.000000
0.656250 0.000000
0.687500 0.000000
0.718750 0.000000
0.750000 0.000000
0.781250 0.000000
0.812500 0.000000
0.843750 0.000000
0.875000 0.000000
0.906250 0.000000
0.937500 0.000000
0.968750 0.000000
1.000000 0.000000
0.000000 0.031250
0.031250 0.031250
0.062500 0.031250
0.093750 0.031250
0.125000 0.031250
0.156250 0.031250
0.187500 0.031250
0.218750 0.031250
0.250000 0.031250
0.281250 0.031250
0.312500 0.031250
0.343750 0.031250
0.375000 0.031250
0.406250 0.031250
0.437500 0.031250
0.468750 0.031250
0.500000 0.031250
0.531250 0.031250
0.562500 0.031250
0.593750 0.031250
0.625000 0.031250
0.656250 0.031250
0.687500 0.031250
0.718750 0.031250
0.750000 0.031250
0.781250 0.031250
0.812500 0.031250
0.843750 0.031250
0.875000 0.031250
0.906250 0.031250
0.937500 0.031250
0.968750 0.031250
1.000000 0.031250
0.000000 0.062500
0.031250 0.062500
0.062500 0.062500
0.093750 0.062500
0.125000 0.062500
0.156250 0.062500
0.187500 0.062500
0.218750 0.062500
0.250000 0.062500
0.281250 0.062500
0.312500 0.062500
0.343750 0.062500
0.375000 0.062500
0.406250 0.062500
0.437500 0.062500
0.468750 0.062500
0.500000 0.062500
0.531250 0.062500
0.562500 0.062500
0.593750 0.062500
0.625000 0.062500
0.656250 0.062500
0.687500 0.062500
0.718750 0.062500
0.750000 0.062500
0.781250 0.062500
0.812500 0.062500
0.843750 0.062500
0.875000 0.062500
0.906250 0.062500
0.937500 0.062500
0.968750 0.062500
1.000000 0.062500
0.000000 0.093750
0.031250 0.093750
0.062500 0.093750
0.093750 0.093750
0.125000 0.093750
0.156250 0.093750
0.187500 0.093750
0.218750 0.093750
0.250000 0.093750
0.281250 0.093750
0.312500 0.093750
0.343750 0.093750
0.375000 0.093750
0.406250 0.093750
0.437500 0.093750
0.468750 0.093750
0.500000 0.093750
0.531250 0.093750
0.562500 0.093750
0.593750 0.093750
0.625000 0.093750
0.656250 0.093750
0.687500 0.093750
0.718750 0.093750
0.750000 0.093750
0.781250 0.093750
0.812500 0.093750
0.843750 0.093750
0.875000 0.093750
0.906250 0.093750
0.937500 0.093750
0.968750 0.093750
1.000000 0.093750
0.000000 0.125000
0.031250 0.125000
0.062500 0.125000
0.093750 0.125000
0.125000 0.125000
0.156250 0.125000
0.187500 0.125000
0.218750 0.125000
0.250000 0.125000
0.281250 0.125000
0.312500 0.125000
0.343750 0.125000
0.375000 0.125000
0.406250 0.125000
0.437500 0.125000
0.468750 0.125000
0.500000 0.125000
0.531250 0.125000
0.562500 0.125000
0.593750 0.125000
0.625000 0.125000
0.656250 0.125000
0.687500 0.125000
0.718750 0.125000
0.750000 0.125000
0.781250 0.125000
0.812500 0.125000
0.843750 0.125000
0.875000 0.125000
0.906250 0.125000
0.937500 0.125000
0.968750 0.125000
1.000000 0.125000
0.000000 0.156250
0.031250 0.156250
0.062500 0.156250
0.093750 0.156250
0.125000 0.156250
0.156250 0.156250
0.187500 0.156250
0.218750 0.156250
0.250000 0.156250
0.281250 0.156250
0.312500 0.156250
0.343750 0.156250
0.375000 0.156250
0.406250 0.156250
0.437500 0.156250
0.468750 0.156250
0.500000 0.156250
0.531250 0.156250
0.562500 0.156250
0.593750 0.156250
0.625000 0.156250
0.656250 0.156250
0.687500 0.156250
0.718750 0.156250
0.750000 0.156250
0.781250 0.156250
0.812500 0.156250
0.843750 0.156250
0.875000 0.156250
0.906250 0.156250
0.937500 0.156250
0.968750 0.156250
1.000000 0.156250
0.000000 0.187500
0.031250 0.187500
0.062500 0.187500
0.093750 0.187500
0.125000 0.187500
0.156250 0.187500
0.187500 0.187500
0.218750 0.187500
0.250000 0.187500
0.281250 0.187500
0.312500 0.187500
0.343750 0.187500
0.375000 0.187500
0.406250 0.187500
0.437500 0.187500
0.468750 0.187500
0.500000 0.187500
0.531250 0.187500
0.562500 0.187500
0.593750 0.187500
0.625000 0.187500
0.656250 0.187500
0.687500 0.187500
0.718750 0.187500
0.750000 0.187500
0.781250 0.187500
0.812500 0.187500
0.843750 0.187500
0.875000 0.187500
0.906250 0.187500
0.937500 0.187500
0.968750 0.187500
1.000000 0.187500
0.000000 0.218750
0.031250 0.218750
0.062500 0.218750
0.093750 0.218750
0.125000 0.218750
0.156250 0.218750
0.187500 0.218750
0.218750 0.218750
0.250000 0.218750
0.281250 0.218750
0.312500 0.218750
0.343750 0.218750
0.375000 0.218750
0.406250 0.218750
0.437500 0.218750
0.468750 0.218750
0.500000 0.218750
0.531250 0.218750
0.562500 0.218750
0.593750 0.218750
0.625000 0.218750
0.656250 0.218750
0.687500 0.218750
0.718750 0.218750
0.750000 0.218750
0.781250 0.218750
0.812500 0.218750
0.843750 0.218750
0.875000 0.218750
0.906250 0.218750
0.937500 0.218750
0.968750 0.218750
1.000000 0.218750
0.000000 0.250000
0.031250 0.250000
0.062500 0.250000
0.093750 0.250000
0.125000 0.250000
0.156250 0.250000
0.187500 0.250000
0.218750 0.250000
0.250000 0.250000
0.281250 0.250000
0.312500 0.250000
0.343750 0.250000
0.375000 0.250000
0.406250 0.250000
0.437500 0.250000
0.468750 0.250000
0.500000 0.250000
0.531250 0.250000
0.562500 0.250000
0.593750 0.250000
0.625000 0.250000
0.656250 0.250000
0.687500 0.250000
0.718750 0.250000
0.750000 0.250000
0.781250 0.250000
0.812500 0.250000
0.843750 0.250000
0.875000 0.250000
0.906250 0.250000
0.937500 0.250000
0.968750 0.250000
1.000000 0.250000
0.000000 0.281250
0.031250 0.281250
0.062500 0.281250
0.093750 0.281250
0.125000 0.281250
0.156250 0.281250
0.187500 0.281250
0.218750 0.281250
0.250000 0.281250
0.281250 0.281250
0.312500 0.281250
0.343750 0.281250
0.375000 0.281250
0.406250 0.281250
0.437500 0.281250
0.468750 0.281250
0.500000 0.281250
0.531250 0.281250
0.562500 0.281250
0.593750 0.281250
0.625000 0.281250
0.656250 0.281250
0.687500 0.281250
0.718750 0.281250
0.750000 0.281250
0.781250 0.281250
0.812500 0.281250
0.843750 0.281250
0.875000 0.281250
0.906250 0.281250
0.937500 0.281250
0.968750 0.281250
1.000000 0.281250
0.000000 0.312500
0.031250 0.312500
0.062500 0.312500
0.093750 0.312500
0.125000 0.312500
0.156250 0.312500
0.187500 0.312500
0.218750 0.312500
0.250000 0.312500
0.281250 0.312500
0.312500 0.312500
0.343750 0.312500
0.375000 0.312500
0.406250 0.312500
0.437500 0.312500
0.468750 0.312500
0.500000 0.312500
0.531250 0.312500
0.562500 0.312500
0.593750 0.312500
0.625000 0.312500
0.656250 0.312500
0.687500 0.312500
0.718750 0.312500
0.750000 0.312500
0.781250 0.312500
0.812500 0.312500
0.843750 0.312500
0.875000 0.312500
0.906250 0.312500
0.937500 0.312500
0.968750 0.312500
1.000000 0.312500
0.000000 0.343750
0.031250 0.343750
0.062500 0.343750
0.093750 0.343750
0.125000 0.343750
0.156250 0.343750
0.187500 0.343750
0.218750 0.343750
0.250000 0.343750
0.281250 0.343750
0.312500 0.343750
0.343750 0.343750
0.375000 0.343750
0.406250 0.343750
0.437500 0.343750
0.468750 0.343750
0.500000 0.343750
0.531250 0.343750
0.562500 0.343750
0.593750 0.343750
0.625000 0.343750
0.656250 0.343750
0.687500 0.343750
0.718750 0.343750
0.750000 0.343750
0.781250 0.343750
0.812500 0.343750
0.843750 0.343750
0.875000 0.343750
0.906250 0.343750
0.937500 0.343750
0.968750 0.343750
1.000000 0.343750
0.000000 0.375000
0.031250 0.375000
0.062500 0.375000
0.093750 0.375000
0.125000 0.375000
0.156250 0.375000
0.187500 0.375000
0.218750 0.375000
0.250000 0.375000
0.281250 0.375000
0.312500 0.375000
0.343750 0.375000
0.375000 0.375000
0.406250 0.375000
0.437500 0.375000
0.468750 0.375000
0.500000 0.375000
0.531250 0.375000
0.562500 0.375000
0.593750 0.375000
0.625000 0.375000
0.656250 0.375000
0.687500 0.375000
0.718750 0.375000
0.750000 0.375000
0.781250 0.375000
0.812500 0.375000
0.843750 0.375000
0.875000 0.375000
0.906250 0.375000
0.937500 0.375000
0.968750 0.375000
1.000000 0.375000
0.000000 0.406250
0.031250 0.406250
0.062500 0.406250
0.093750 0.406250
0.125000 0.406250
0.156250 0.406250
0.187500 0.406250
0.218750 0.406250
0.250000 0.406250
0.281250 0.406250
0.312500 0.406250
0.343750 0.406250
0.375000 0.406250
0.406250 0.406250
0.437500 0.406250
0.468750 0.406250
0.500000 0.406250
0.531250 0.406250
0.562500 0.406250
0.593750 0.406250
0.625000 0.406250
0.656250 0.406250
0.687500 0.406250
0.718750 0.406250
0.750000 0.406250
0.781250 0.406250
0.812500 0.406250
0.843750 0.406250
0.875000 0.406250
0.906250 0.406250
0.937500 0.406250
0.968750 0.406250
1.000000 0.406250
0.000000 0.437500
0.031250 0.437500
0.062500 0.437500
0.093750 0.437500
0.125000 0.437500
0.156250 0.437500
0.187500 0.437500
0.218750 0.437500
0.250000 0.437500
0.281250 0.437500
0.312500 0.437500
0.343750 0.437500
0.375000 0.437500
0.406250 0.437500
0.437500 0.437500
0.468750 0.437500
0.500000 0.437500
0.531250 0.437500
0.562500 0.437500
0.593750 0.437500
0.625000 0.437500
0.656250 0.437500
0.687500 0.437500
0.718750 0.437500
0.750000 0.437500
0.781250 0.437500
0.812500 0.437500
0.843750 0.437500
0.875000 0.437500
0.906250 0.437500
0.937500 0.437500
0.968750 0.437500
1.000000 0.437500
0.000000 0.468750
0.031250 0.468750
0.062500 0.468750
0.093750 0.468750
0.125000 0.468750
0.156250 0.468750
0.187500 0.468750
0.218750 0.468750
0.250000 0.468750
0.281250 0.468750
0.312500 0.468750
0.343750 0.468750
0.375000 0.468750
0.406250 0.468750
0.437500 0.468750
0.468750 0.468750
0.500000 0.468750
0.531250 0.468750
0.562500 0.468750
0.593750 0.468750
0.625000 0.468750
0.656250 0.468750
0.687500 0.468750
0.718750 0.468750
0.750000 0.468750
0.781250 0.468750
0.812500 0.468750
0.843750 0.468750
0.875000 0.468750
0.906250 0.468750
0.937500 0.468750
0.968750 0.468750
1.000000 0.468750
0.000000 0.500000
0.031250 0.500000
0.062500 0.500000
0.093750 0.500000
0.125000 0.500000
0.156250 0.500000
0.187500 0.500000
0.218750 0.500000
0.250000 0.500000
0.281250 0.500000
0.312500 0.500000
0.343750 0.500000
0.375000 0.500000
0.406250 0.500000
0.437500 0.500000
0.468750 0.500000
0.500000 0.500000
0.531250 0.500000
0.562500 0.500000
0.593750 0.500000
0.625000 0.500000
0.656250 0.500000
0.687500 0.500000
0.718750 0.500000
0.750000 0.500000
0.781250 0.500000
0.812500 0.500000
0.843750 0.500000
0.875000 0.500000
0.906250 0.500000
0.937500 0.500000
0.968750 0.500000
1.000000 0.500000
0.000000 0.531250
0.031250 0.531250
0.062500 0.531250
0.093750 0.531250
0.125000 0.531250
0.156250 0.531250
0.187500 0.531250
0.218750 0.531250
0.250000 0.531250
0.281250 0.531250
0.312500 0.531250
0.343750 0.531250
0.375000 0.531250
0.406250 0.531250
0.437500 0.531250
0.468750 0.531250
0.500000 0.531250
0.531250 0.531250
0.562500 0.531250
0.593750 0.531250
0.625000 0.531250
0.656250 0.531250
0.687500 0.531250
0.718750 0.531250
0.750000 0.531250
0.781250 0.531250
0.812500 0.531250
0.843750 0.531250
0.875000 0.531250
0.906250 0.531250
0.937500 0.531250
0.968750 0.531250
1.000000 0.531250
0.000000 0.562500
0.031250 0.562500
0.062500 0.562500
0.093750 0.562500
0.125000 0.562500
0.156250 0.562500
0.187500 0.562500
0.218750 0.562500
0.250000 0.562500
0.281250 0.562500
0.312500 0.562500
0.343750 0.562500
0.375000 0.562500
0.406250 0.562500
0.437500 0.562500
0.468750 0.562500
0.500000 0.562500
0.531250 0.562500
0.562500 0.562500
0.593750 0.562500
0.625000 0.562500
0.656250 0.562500
0.687500 0.562500
0.718750 0.562500
0.750000 0.562500
0.781250 0.562500
0.812500 0.562500
0.843750 0.562500
0.875000 0.562500
0.906250 0.562500
0.937500 0.562500
0.968750 0.562500
1.000000 0.562500
0.000000 0.593750
0.031250 0.593750
0.062500 0.593750
0.093750 0.593750
0.125000 0.593750
0.156250 0.593750
0.187500 0.593750
0.218750 0.593750
0.250000 0.593750
0.281250 0.593750
0.312500 0.593750
0.343750 0.593750
0.375000 0.593750
0.406250 0.593750
0.437500 0.593750
0.468750 0.593750
0.500000 0.593750
0.531250 0.593750
0.562500 0.593750
0.593750 0.593750
0.625000 0.593750
0.656250 0.593750
0.687500 0.593750
0.718750 0.593750
0.750000 0.593750
0.781250 0.593750
0.812500 0.593750
0.843750 0.593750
0.875000 0.593750
0.906250 0.593750
0.937500 0.593750
0.968750 0.593750
1.000000 0.593750
0.000000 0.625000
0.031250 0.625000
0.062500 0.625000
0.093750 0.625000
0.125000 0.625000
0.156250 0.625000
0.187500 0.625000
0.218750 0.625000
0.250000 0.625000
0.281250 0.625000
0.312500 0.625000
0.343750 0.625000
0.375000 0.625000
0.406250 0.625000
0.437500 0.625000
0.468750 0.625000
0.500000 0.625000
0.531250 0.625000
0.562500 0.625000
0.593750 0.625000
0.625000 0.625000
0.656250 0.625000
0.687500 0.625000
0.718750 0.625000
0.750000 0.625000
0.781250 0.625000
0.812500 0.625000
0.843750 0.625000
0.875000 0.625000
0.906250 0.625000
0.937500 0.625000
0.968750 0.625000
1.000000 0.625000
0.000000 0.656250
0.031250 0.656250
0.062500 0.656250
0.093750 0.656250
0.125000 0.656250
0.156250 0.656250
0.187500 0.656250
0.218750 0.656250
0.250000 0.656250
0.281250 0.656250
0.312500 0.656250
0.343750 0.656250
0.375000 0.656250
0.406250 0.656250
0.437500 0.656250
0.468750 0.656250
0.500000 0.656250
0.531250 0.656250
0.562500 0.656250
0.593750 0.656250
0.625000 0.656250
0.656250 0.656250
0.687500 0.656250
0.718750 0.656250
0.750000 0.656250
0.781250 0.656250
0.812500 0.656250
0.843750 0.656250
0.875000 0.656250
0.906250 0.656250
0.937500 0.656250
0.968750 0.656250
1.000000 0.656250
0.000000 0.687500
0.031250 0.687500
0.062500 0.687500
0.093750 0.687500
0.125000 0.687500
0.156250 0.687500
0.187500 0.687500
0.218750 0.687500
0.250000 0.687500
0.281250 0.687500
0.312500 0.687500
0.343750 0.687500
0.375000 0.687500
0.406250 0.687500
0.437500 0.687500
0.468750 0.687500
0.500000 0.687500
0.531250 0.687500
0.562500 0.687500
0.593750 0.687500
0.625000 0.687500
0.656250 0.687500
0.687500 0.687500
0.718750 0.687500
0.750000 0.687500
0.781250 0.687500
0.812500 0.687500
0.843750 0.687500
0.875000 0.687500
0.906250 0.687500
0.937500 0.687500
0.968750 0.687500
1.000000 0.687500
0.000000 0.718750
0.031250 0.718750
0.062500 0.718750
0.093750 0.718750
0.125000 0.718750
0.156250 0.718750
0.187500 0.718750
0.218750 0.718750
0.250000 0.718750
0.281250 0.718750
0.312500 0.718750
0.343750 0.718750
0.375000 0.718750
0.406250 0.718750
0.437500 0.718750
0.468750 0.718750
0.500000 0.718750
0.531250 0.718750
0.562500 0.718750
0.593750 0.718750
0.625000 0.718750
0.656250 0.718750
0.687500 0.718750
0.718750 0.718750
0.750000 0.718750
0.781250 0.718750
0.812500 0.718750
0.843750 0.718750
0.875000 0.718750
0.906250 0.718750
0.937500 0.718750
0.968750 0.718750
1.000000 0.718750
0.000000 0.750000
0.031250 0.750000
0.062500 0.750000
0.093750 0.750000
0.125000 0.750000
0.156250 0.750000
0.187500 0.750000
0.218750 0.750000
0.250000 0.750000
0.281250 0.750000
0.312500 0.750000
0.343750 0.750000
0.375000 0.750000
0.406250 0.750000
0.437500 0.750000
0.468750 0.750000
0.500000 0.750000
0.531250 0.750000
0.562500 0.750000
0.593750 0.750000
0.625000 0.750000
0.656250 0.750000
0.687500 0.750000
0.718750 0.750000
0.750000 0.750000
0.781250 0.750000
0.812500 0.750000
0.843750 0.750000
0.875000 0.750000
0.906250 0.750000
0.937500 0.750000
0.968750 0.750000
1.000000 0.750000
0.000000 0.781250
0.031250 0.781250
0.062500 0.781250
0.093750 0.781250
0.125000 0.781250
0.156250 0.781250
0.187500 0.781250
0.218750 0.781250
0.250000 0.781250
0.281250 0.781250
0.312500 0.781250
0.343750 0.781250
0.375000 0.781250
0.406250 0.781250
0.437500 0.781250
0.468750 0.781250
0.500000 0.781250
0.531250 0.781250
0.562500 0.781250
0.593750 0.781250
0.625000 0.781250
0.656250 0.781250
0.687500 0.781250
0.718750 0.781250
0.750000 0.781250
0.781250 0.781250
0.812500 0.781250
0.843750 0.781250
0.875000 0.781250
0.906250 0.781250
0.937500 0.781250
0.968750 0.781250
1.000000 0.781250
0.000000 0.812500
0.031250 0.812500
0.062500 0.812500
0.093750 0.812500
0.125000 0.812500
0.156250 0.812500
0.187500 0.812500
0.218750 0.812500
0.250000 0.812500
0.281250 0.812500
0.312500 0.812500
0.343750 0.812500
0.375000 0.812500
0.406250 0.812500
0.437500 0.812500
0.468750 0.812500
0.500000 0.812500
0.531250 0.812500
0.562500 0.812500
0.593750 0.812500
0.625000 0.812500
0.656250 0.812500
0.687500 0.812500
0.718750 0.812500
0.750000 0.812500
0.781250 0.812500
0.812500 0.812500
0.843750 0.812500
0.875000 0.812500
0.906250 0.812500
0.937500 0.812500
0.968750 0.812500
1.000000 0.812500
0.000000 0.843750
0.031250 0.843750
0.062500 0.843750
0.093750 0.843750
0.125000 0.843750
0.156250 0.843750
0.187500 0.843750
0.218750 0.843750
0.250000 0.843750
0.281250 0.843750
0.312500 0.843750
0.343750 0.843750
0.375000 0.843750
0.406250 0.843750
0.437500 0.843750
0.468750 0.843750
0.500000 0.843750
0.531250 0.843750
0.562500 0.843750
0.593750 0.843750
0.625000 0.843750
0.656250 0.843750
0.687500 0.843750
0.718750 0.843750
0.750000 0.843750
0.781250 0.843750
0.812500 0.843750
0.843750 0.843750
0.875000 0.843750
0.906250 0.843750
0.937500 0.843750
0.968750 0.843750
1.000000 0.843750
0.000000 0.875000
0.031250 0.875000
0.062500 0.875000
0.093750 0.875000
0.125000 0.875000
0.156250 0.875000
0.187500 0.875000
0.218750 0.875000
0.250000 0.875000
0.281250 0.875000
0.312500 0.875000
0.343750 0.875000
0.375000 0.875000
0.406250 0.875000
0.437500 0.875000
0.468750 0.875000
0.500000 0.875000
0.531250 0.875000
0.562500 0.875000
0.593750 0.875000
0.625000 0.875000
0.656250 0.875000
0.687500 0.875000
0.718750 0.875000
0.750000 0.875000
0.781250 0.875000
0.812500 0.875000
0.843750 0.875000
0.875000 0.875000
0.906250 0.875000
0.937500 0.875000
0.968750 0.875000
1.000000 0.875000
0.000000 0.906250
0.031250 0.906250
0.062500 0.906250
0.093750 0.906250
0.125000 0.906250
0.156250 0.906250
0.187500 0.906250
0.218750 0.906250
0.250000 0.906250
0.281250 0.906250
0.312500 0.906250
0.343750 0.906250
0.375000 0.906250
0.406250 0.906250
0.437500 0.906250
0.468750 0.906250
0.500000 0.906250
0.531250 0.906250
0.562500 0.906250
0.593750 0.906250
0.625000 0.906250
0.656250 0.906250
0.687500 0.906250
0.718750 0.906250
0.750000 0.906250
0.781250 0.906250
0.812500 0.906250
0.843750 0.906250
0.875000 0.906250
0.906250 0.906250
0.937500 0.906250
0.968750 0.906250
1.000000 0.906250
0.000000 0.937500
0.031250 0.937500
0.062500 0.937500
0.093750 0.937500
0.125000 0.937500
0.156250 0.937500
0.187500 0.937500
0.218750 0.937500
0.250000 0.937500
0.281250 0.937500
0.312500 0.937500
0.343750 0.937500
0.375000 0.937500
0.406250 0.937500
0.437500 0.937500
0.468750 0.937500
0.500000 0.937500
0.531250 0.937500
0.562500 0.937500
0.593750 0.937500
0.625000 0.937500
0.656250 0.937500
0.687500 0.937500
0.718750 0.937500
0.750000 0.937500
0.781250 0.937500
0.812500 0.937500
0.843750 0.937500
0.875000 0.937500
0.906250 0.937500
0.937500 0.937500
0.968750 0.937500
1.000000 0.937500
0.000000 0.968750
0.031250 0.968750
0.062500 0.968750
0.093750 0.968750
0.125000 0.968750
0.156250 0.968750
0.187500 0.968750
0.218750 0.968750
0.250000 0.968750
0.281250 0.968750
0.312500 0.968750
0.343750 0.968750
0.375000 0.968750
0.406250 0.968750
0.437500 0.968750
0.468750 0.968750
0.500000 0.968750
0.531250 0.968750
0.562500 0.968750
0.593750 0.968750
0.625000 0.968750
0.656250 0.968750
0.687500 0.968750
0.718750 0.968750
0.750000 0.968750
0.781250 0.968750
0.812500 0.968750
0.843750 0.968750
0.875000 0.968750
0.906250 0.968750
0.937500 0.968750
0.968750 0.968750
1.000000 0.968750
0.000000 1.000000
0.031250 1.000000
0.062500 1.000000
0.093750 1.000000
0.125000 1.000000
0.156250 1.000000
0.187500 1.000000
0.218750 1.000000
0.250000 1.000000
0.281250 1.000000
0.312500 1.000000
0.343750 1.000000
0.375000 1.000000
0.406250 1.000000
0.437500 1.000000
0.468750 1.000000
0.500000 1.000000
0.531250 1.000000
0.562500 1.000000
0.593750 1.000000
0.625000 1.000000
0.656250 1.000000
0.687500 1.000000
0.718750 1.000000
0.750000 1.000000
0.781250 1.000000
0.812500 1.000000
0.843750 1.000000
0.875000 1.000000
0.906250 1.000000
0.937500 1.000000
0.968750 1.000000
1.000000 1.000000
1024 1 4 4
2 35 34 1 0 0 4 1 
3 36 35 2 0 0 0 1 
4 37 36 3 0 0 0 1 
5 38 37 4 0 0 0 1 
6 39 38 5 0 0 0 1 
7 40 39 6 0 0 0 1 
8 41 40 7 0 0 0 1 
9 42 41 8 0 0 0 1 
10 43 42 9 0 0 0 1 
11 44 43 10 0 0 0 1 
12 45 44 11 0 0 0 1 
13 46 45 12 0 0 0 1 
14 47 46 13 0 0 0 1 
15 48 47 14 0 0 0 1 
16 49 48 15 0 0 0 1 
17 50 49 16 0 0 0 1 
18 51 50 17 0 0 0 1 
19 52 51 18 0 0 0 1 
20 53 52 19 0 0 0 1 
21 54 53 20 0 0 0 1 
22 55 54 21 0 0 0 1 
23 56 55 22 0 0 0 1 
24 57 56 23 0 0 0 1 
25 58 57 24 0 0 0 1 
26 59 58 25 0 0 0 1 
27 60 59 26 0 0 0 1 
28 61 60 27 0 0 0 1 
29 62 61 28 0 0 0 1 
30 63 62 29 0 0 0 1 
31 64 63 30 0 0 0 1 
32 65 64 31 0 0 0 1 
33 66 65 32 2 0 0 1 
35 68 67 34 0 0 4 0 
36 69 68 35 0 0 0 0 
37 70 69 36 0 0 0 0 
38 71 70 37 0 0 0 0 
39 72 71 38 0 0 0 0 
40 73 72 39 0 0 0 0 
41 74 73 40 0 0 0 0 
42 75 74 41 0 0 0 0 
43 76 75 42 0 0 0 0 
44 77 76 43 0 0 0 0 
45 78 77 44 0 0 0 0 
46 79 78 45 0 0 0 0 
47 80 79 46 0 0 0 0 
48 81 80 47 0 0 0 0 
49 82 81 48 0 0 0 0 
50 83 82 49 0 0 0 0 
51 84 83 50 0 0 0 0 
52 85 84 51 0 0 0 0 
53 86 85 52 0 0 0 0 
54 87 86 53 0 0 0 0 
55 88 87 54 0 0 0 0 
56 89 88 55 0 0 0 0 
57 90 89 56 0 0 0 0 
58 91 90 57 0 0 0 0 
59 92 91 58 0 0 0 0 
60 93 92 59 0 0 0 0 
61 94 93 60 0 0 0 0 
62 95 94 61 0 0 0 0 
63 96 95 62 0 0 0 0 
64 97 96 63 0 0 0 0 
65 98 97 64 0 0 0 0 
66 99 98 65 2 0 0 0 
68 101 100 67 0 0 4 0 
69 102 101 68 0 0 0 0 
70 103 102 69 0 0 0 0 
71 104 103 70 0 0 0 0 
72 105 104 71 0 0 0 0 
73 106 105 72 0 0 0 0 
74 107 106 73 0 0 0 0 
75 108 107 74 0 0 0 0 
76 109 108 75 0 0 0 0 
77 110 109 76 0 0 0 0 
78 111 110 77 0 0 0 0 
79 112 111 78 0 0 0 0 
80 113 112 79 0 0 0 0 
81 114 113 80 0 0 0 0 
82 115 114 81 0 0 0 0 
83 116 115 82 0 0 0 0 
84 117 116 83 0 0 0 0 
85 118 117 84 0 0 0 0 
86 119 118 85 0 0 0 0 
87 120 119 86 0 0 0 0 
88 121 120 87 0 0 0 0 
89 122 121 88 0 0 0 0 
90 123 122 89 0 0 0 0 
91 124 123 90 0 0 0 0 
92 125 124 91 0 0 0 0 
93 126 125 92 0 0 0 0 
94 127 126 93 0 0 0 0 
95 128 127 94 0 0 0 0 
96 129 128 95 0 0 0 0 
97 130 129 96 0 0 0 0 
98 131 130 97 0 0 0 0 
99 132 131 98 2 0 0 0 
101 134 133 100 0 0 4 0 
102 135 134 101 0 0 0 0 
103 136 135 102 0 0 0 0 
104 137 136 103 0 0 0 0 
105 138 137 104 0 0 0 0 
106 139 138 105 0 0 0 0 
107 140 139 106 0 0 0 0 
108 141 140 107 0 0 0 0 
109 142 141 108 0 0 0 0 
110 143 142 109 0 0 0 0 
111 144 143 110 0 0 0 0 
112 145 144 111 0 0 0 0 
113 146 145 112 0 0 0 0 
114 147 146 113 0 0 0 0 
115 148 147 114 0 0 0 0 
116 149 148 115 0 0 0 0 
117 150 149 116 0 0 0 0 
118 151 150 117 0 0 0 0 
119 152 151 118 0 0 0 0 
120 153 152 119 0 0 0 0 
121 154 153 120 0 0 0 0 
122 155 154 121 0 0 0 0 
123 156 155 122 0 0 0 0 
124 157 156 123 0 0 0 0 
125 158 157 124 0 0 0 0 
126 159 158 125 0 0 0 0 
127 160 159 126 0 0 0 0 
128 161 160 127 0 0 0 0 
129 162 161 128 0 0 0 0 
130 163 162 129 0 0 0 0 
131 164 163 130 0 0 0 0 
132 165 164 131 2 0 0 0 
134 167 166 133 0 0 4 0 
135 168 167 134 0 0 0 0 
136 169 168 135 0 0 0 0 
137 170 169 136 0 0 0 0 
138 171 170 137 0 0 0 0 
139 172 171 138 0 0 0 0 
140 173 172 139 0 0 0 0 
141 174 173 140 0 0 0 0 
142 175 174 141 0 0 0 0 
143 176 175 142 0 0 0 0 
144 177 176 143 0 0 0 0 
145 178 177 144 0 0 0 0 
146 179 178 145 0 0 0 0 
147 180 179 146 0 0 0 0 
148 181 180 147 0 0 0 0 
149 182 181 148 0 0 0 0 
150 183 182 149 0 0 0 0 
151 184 183 150 0 0 0 0 
152 185 184 151 0 0 0 0 
153 186 185 152 0 0 0 0 
154 187 186 153 0 0 0 0 
155 188 187 154 0 0 0 0 
156 189 188 155 0 0 0 0 
157 190 189 156 0 0 0 0 
158 191 190 157 0 0 0 0 
159 192 191 158 0 0 0 0 
160 193 192 159 0 0 0 0 
161 194 193 160 0 0 0 0 
162 195 194 161 0 0 0 0 
163 196 195 162 0 0 0 0 
164 197 196 163 0 0 0 0 
165 198 197 164 2 0 0 0 
167 200 199 166 0 0 4 0 
168 201 200 167 0 0 0 0 
169 202 201 168 0 0 0 0 
170 203 202 169 0 0 0 0 
171 204 203 170 0 0 0 0 
172 205 204 171 0 0 0 0 
173 206 205 172 0 0 0 0 
174 207 206 173 0 0 0 0 
175 208 207 174 0 0 0 0 
176 209 208 175 0 0 0 0 
177 210 209 176 0 0 0 0 
178 211 210 177 0 0 0 0 
179 212 211 178 0 0 0 0 
180 213 212 179 0 0 0 0 
181 214 213 180 0 0 0 0 
182 215 214 181 0 0 0 0 
183 216 215 182 0 0 0 0 
184 217 216 183 0 0 0 0 
185 218 217 184 0 0 0 0 
186 219 218 185 0 0 0 0 
187 220 219 186 0 0 0 0 
188 221 220 187 0 0 0 0 
189 222 221 188 0 0 0 0 
190 223 222 189 0 0 0 0 
191 224 223 190 0 0 0 0 
192 225 224 191 0 0 0 0 
193 226 225 192 0 0 0 0 
194 227 226 193 0 0 0 0 
195 228 227 194 0 0 0 0 
196 229 228 195 0 0 0 0 
197 230 229 196 0 0 0 0 
198 231 230 197 2 0 0 0 
200 233 232 199 0 0 4 0 
201 234 233 200 0 0 0 0 
202 235 234 201 0 0 0 0 
203 236 235 202 0 0 0 0 
204 237 236 203 0 0 0 0 
205 238 237 204 0 0 0 0 
206 239 238 205 0 0 0 0 
207 240 239 206 0 0 0 0 
208 241 240 207 0 0 0 0 
209 242 241 208 0 0 0 0 
210 243 242 209 0 0 0 0 
211 244 243 210 0 0 0 0 
212 245 244 211 0 0 0 0 
213 246 245 212 0 0 0 0 
214 247 246 213 0 0 0 0 
215 248 247 214 0 0 0 0 
216 249 248 215 0 0 0 0 
217 250 249 216 0 0 0 0 
218 251 250 217 0 0 0 0 
219 252 251 218 0 0 0 0 
220 253 252 219 0 0 0 0 
221 254 253 220 0 0 0 0 
222 255 254 221 0 0 0 0 
223 256 255 222 0 0 0 0 
224 257 256 223 0 0 0 0 
225 258 257 224 0 0 0 0 
226 259 258 225 0 0 0 0 
227 260 259 226 0 0 0 0 
228 261 260 227 0 0 0 0 
229 262 261 228 0 0 0 0 
230 263 262 229 0 0 0 0 
231 264 263 230 2 0 0 0 
233 266 265 232 0 0 4 0 
234 267 266 233 0 0 0 0 
235 268 267 234 0 0 0 0 
236 269 268 235 0 0 0 0 
237 270 269 236 0 0 0 0 
238 271 270 237 0 0 0 0 
239 272 271 238 0 0 0 0 
240 273 272 239 0 0 0 0 
241 274 273 240 0 0 0 0 
242 275 274 241 0 0 0 0 
243 276 275 242 0 0 0 0 
244 277 276 243 0 0 0 0 
245 278 277 244 0 0 0 0 
246 279 278 245 0 0 0 0 
247 280 279 246 0 0 0 0 
248 281 280 247 0 0 0 0 
249 282 281 248 0 0 0 0 
250 283 282 249 0 0 0 0 
251 284 283 250 0 0 0 0 
252 285 284 251 0 0 0 0 
253 286 285 252 0 0 0 0 
254 287 286 253 0 0 0 0 
255 288 287 254 0 0 0 0 
256 289 288 255 0 0 0 0 
257 290 289 256 0 0 0 0 
258 291 290 257 0 0 0 0 
259 292 291 258 0 0 0 0 
260 293 292 259 0 0 0 0 
261 294 293 260 0 0 0 0 
262 295 294 261 0 0 0 0 
263 296 295 262 0 0 0 0 
264 297 296 263 2 0 0 0 
266 299 298 265 0 0 4 0 
267 300 299 266 0 0 0 0 
268 301 300 267 0 0 0 0 
269 302 301 268 0 0 0 0 
270 303 302 269 0 0 0 0 
271 304 303 270 0 0 0 0 
272 305 304 271 0 0 0 0 
273 306 305 272 0 0 0 0 
274 307 306 273 0 0 0 0 
275 308 307 274 0 0 0 0 
276 309 308 275 0 0 0 0 
277 310 309 276 0 0 0 0 
278 311 310 277 0 0 0 0 
279 312 311 278 0 0 0 0 
280 313 312 279 0 0 0 0 
281 314 313 280 0 0 0 0 
282 315 314 281 0 0 0 0 
283 316 315 282 0 0 0 0 
284 317 316 283 0 0 0 0 
285 318 317 284 0 0 0 0 
286 319 318 285 0 0 0 0 
287 320 319 286 0 0 0 0 
288 321 320 287 0 0 0 0 
289 322 321 288 0 0 0 0 
290 323 322 289 0 0 0 0 
291 324 323 290 0 0 0 0 
292 325 324 291 0 0 0 0 
293 326 325 292 0 0 0 0 
294 327 326 293 0 0 0 0 
295 328 327 294 0 0 0 0 
296 329 328 295 0 0 0 0 
297 330 329 296 2 0 0 0 
299 332 331 298 0 0 4 0 
300 333 332 299 0 0 0 0 
301 334 333 300 0 0 0 0 
302 335 334 301 0 0 0 0 
303 336 335 302 0 0 0 0 
304 337 336 303 0 0 0 0 
305 338 337 304 0 0 0 0 
306 339 338 305 0 0 0 0 
307 340 339 306 0 0 0 0 
308 341 340 307 0 0 0 0 
309 342 341 308 0 0 0 0 
310 343 342 309 0 0 0 0 
311 344 343 310 0 0 0 0 
312 345 344 311 0 0 0 0 
313 346 345 312 0 0 0 0 
314 347 346 313 0 0 0 0 
315 348 347 314 0 0 0 0 
316 349 348 315 0 0 0 0 
317 350 349 316 0 0 0 0 
318 351 350 317 0 0 0 0 
319 352 351 318 0 0 0 0 
320 353 352 319 0 0 0 0 
321 354 353 320 0 0 0 0 
322 355 354 321 0 0 0 0 
323 356 355 322 0 0 0 0 
324 357 356 323 0 0 0 0 
325 358 357 324 0 0 0 0 
326 359 358 325 0 0 0 0 
327 360 359 326 0 0 0 0 
328 361 360 327 0 0 0 0 
329 362 361 328 0 0 0 0 
330 363 362 329 2 0 0 0 
332 365 364 331 0 0 4 0 
333 366 365 332 0 0 0 0 
334 367 366 333 0 0 0 0 
335 368 367 334 0 0 0 0 
336 369 368 335 0 0 0 0 
337 370 369 336 0 0 0 0 
338 371 370 337 0 0 0 0 
339 372 371 338 0 0 0 0 
340 373 372 339 0 0 0 0 
341 374 373 340 0 0 0 0 
342 375 374 341 0 0 0 0 
343 376 375 342 0 0 0 0 
344 377 376 343 0 0 0 0 
345 378 377 344 0 0 0 0 
346 379 378 345 0 0 0 0 
347 380 379 346 0 0 0 0 
348 381 380 347 0 0 0 0 
349 382 381 348 0 0 0 0 
350 383 382 349 0 0 0 0 
351 384 383 350 0 0 0 0 
352 385 384 351 0 0 0 0 
353 386 385 352 0 0 0 0 
354 387 386 353 0 0 0 0 
355 388 387 354 0 0 0 0 
356 389 388 355 0 0 0 0 
357 390 389 356 0 0 0 0 
358 391 390 357 0 0 0 0 
359 392 391 358 0 0 0 0 
360 393 392 359 0 0 0 0 
361 394 393 360 0 0 0 0 
362 395 394 361 0 0 0 0 
363 396 395 362 2 0 0 0 
365 398 397 364 0 0 4 0 
366 399 398 365 0 0 0 0 
367 400 399 366 0 0 0 0 
368 401 400 367 0 0 0 0 
369 402 401 368 0 0 0 0 
370 403 402 369 0 0 0 0 
371 404 403 370 0 0 0 0 
372 405 404 371 0 0 0 0 
373 406 405 372 0 0 0 0 
374 407 406 373 0 0 0 0 
375 408 407 374 0 0 0 0 
376 409 408 375 0 0 0 0 
377 410 409 376 0 0 0 0 
378 411 410 377 0 0 0 0 
379 412 411 378 0 0 0 0 
380 413 412 379 0 0 0 0 
381 414 413 380 0 0 0 0 
382 415 414 381 0 0 0 0 
383 416 415 382 0 0 0 0 
384 417 416 383 0 0 0 0 
385 418 417 384 0 0 0 0 
386 419 418 385 0 0 0 0 
387 420 419 386 0 0 0 0 
388 421 420 387 0 0 0 0 
389 422 421 388 0 0 0 0 
390 423 422 389 0 0 0 0 
391 424 423 390 0 0 0 0 
392 425 424 391 0 0 0 0 
393 426 425 392 0 0 0 0 
394 427 426 393 0 0 0 0 
395 428 427 394 0 0 0 0 
396 429 428 395 2 0 0 0 
398 431 430 397 0 0 4 0 
399 432 431 398 0 0 0 0 
400 433 432 399 0 0 0 0 
401 434 433 400 0 0 0 0 
402 435 434 401 0 0 0 0 
403 436 435 402 0 0 0 0 
404 437 436 403 0 0 0 0 
405 438 437 404 0 0 0 0 
406 439 438 405 0 0 0 0 
407 440 439 406 0 0 0 0 
408 441 440 407 0 0 0 0 
409 442 441 408 0 0 0 0 
410 443 442 409 0 0 0 0 
411 444 443 410 0 0 0 0 
412 445 444 411 0 0 0 0 
413 446 445 412 0 0 0 0 
414 447 446 413 0 0 0 0 
415 448 447 414 0 0 0 0 
416 449 448 415 0 0 0 0 
417 450 449 416 0 0 0 0 
418 451 450 417 0 0 0 0 
419 452 451 418 0 0 0 0 
420 453 452 419 0 0 0 0 
421 454 453 420 0 0 0 0 
422 455 454 421 0 0 0 0 
423 456 455 422 0 0 0 0 
424 457 456 423 0 0 0 0 
425 458 457 424 0 0 0 0 
426 459 458 425 0 0 0 0 
427 460 459 426 0 0 0 0 
428 461 460 427 0 0 0 0 
429 462 461 428 2 0 0 0 
431 464 463 430 0 0 4 0 
432 465 464 431 0 0 0 0 
433 466 465 432 0 0 0 0 
434 467 466 433 0 0 0 0 
435 468 467 434 0 0 0 0 
436 469 468 435 0 0 0 0 
437 470 469 436 0 0 0 0 
438 471 470 437 0 0 0 0 
439 472 471 438 0 0 0 0 
440 473 472 439 0 0 0 0 
441 474 473 440 0 0 0 0 
442 475 474 441 0 0 0 0 
443 476 475 442 0 0 0 0 
444 477 476 443 0 0 0 0 
445 478 477 444 0 0 0 0 
446 479 478 445 0 0 0 0 
447 480 479 446 0 0 0 0 
448 481 480 447 0 0 0 0 
449 482 481 448 0 0 0 0 
450 483 482 449 0 0 0 0 
451 484 483 450 0 0 0 0 
452 485 484 451 0 0 0 0 
453 486 485 452 0 0 0 0 
454 487 486 453 0 0 0 0 
455 488 487 454 0 0 0 0 
456 489 488 455 0 0 0 0 
457 490 489 456 0 0 0 0 
458 491 490 457 0 0 0 0 
459 492 491 458 0 0 0 0 
460 493 492 459 0 0 0 0 
461 494 493 460 0 0 0 0 
462 495 494 461 2 0 0 0 
464 497 496 463 0 0 4 0 
465 498 497 464 0 0 0 0 
466 499 498 465 0 0 0 0 
467 500 499 466 0 0 0 0 
468 501 500 467 0 0 0 0 
469 502 501 468 0 0 0 0 
470 503 502 469 0 0 0 0 
471 504 503 470 0 0 0 0 
472 505 504 471 0 0 0 0 
473 506 505 472 0 0 0 0 
474 507 506 473 0 0 0 0 
475 508 507 474 0 0 0 0 
476 509 508 475 0 0 0 0 
477 510 509 476 0 0 0 0 
478 511 510 477 0 0 0 0 
479 512 511 478 0 0 0 0 
480 513 512 479 0 0 0 0 
481 514 513 480 0 0 0 0 
482 515 514 481 0 0 0 0 
483 516 515 482 0 0 0 0 
484 517 516 483 0 0 0 0 
485 518 517 484 0 0 0 0 
486 519 518 485 0 0 0 0 
487 520 519 486 0 0 0 0 
488 521 520 487 0 0 0 0 
489 522 521 488 0 0 0 0 
490 523 522 489 0 0 0 0 
491 524 523 490 0 0 0 0 
492 525 524 491 0 0 0 0 
493 526 525 492 0 0 0 0 
494 527 526 493 0 0 0 0 
495 528 527 494 2 0 0 0 
497 530 529 496 0 0 4 0 
498 531 530 497 0 0 0 0 
499 532 531 498 0 0 0 0 
500 533 532 499 0 0 0 0 
501 534 533 500 0 0 0 0 
502 535 534 501 0 0 0 0 
503 536 535 502 0 0 0 0 
504 537 536 503 0 0 0 0 
505 538 537 504 0 0 0 0 
506 539 538 505 0 0 0 0 
507 540 539 506 0 0 0 0 
508 541 540 507 0 0 0 0 
509 542 541 508 0 0 0 0 
510 543 542 509 0 0 0 0 
511 544 543 510 0 0 0 0 
512 545 544 511 0 0 0 0 
513 546 545 512 0 0 0 0 
514 547 546 513 0 0 0 0 
515 548 547 514 0 0 0 0 
516 549 548 515 0 0 0 0 
517 550 549 516 0 0 0 0 
518 551 550 517 0 0 0 0 
519 552 551 518 0 0 0 0 
520 553 552 519 0 0 0 0 
521 554 553 520 0 0 0 0 
522 555 554 521 0 0 0 0 
523 556 555 522 0 0 0 0 
524 557 556 523 0 0 0 0 
525 558 557 524 0 0 0 0 
526 559 558 525 0 0 0 0 
527 560 559 526 0 0 0 0 
528 561 560 527 2 0 0 0 
530 563 562 529 0 0 4 0 
531 564 563 530 0 0 0 0 
532 565 564 531 0 0 0 0 
533 566 565 532 0 0 0 0 
534 567 566 533 0 0 0 0 
535 568 567 534 0 0 0 0 
536 569 568 535 0 0 0 0 
537 570 569 536 0 0 0 0 
538 571 570 537 0 0 0 0 
539 572 571 538 0 0 0 0 
540 573 572 539 0 0 0 0 
541 574 573 540 0 0 0 0 
542 575 574 541 0 0 0 0 
543 576 575 542 0 0 0 0 
544 577 576 543 0 0 0 0 
545 578 577 544 0 0 0 0 
546 579 578 545 0 0 0 0 
547 580 579 546 0 0 0 0 
548 581 580 547 0 0 0 0 
549 582 581 548 0 0 0 0 
550 583 582 549 0 0 0 0 
551 584 583 550 0 0 0 0 
552 585 584 551 0 0 0 0 
553 586 585 552 0 0 0 0 
554 587 586 553 0 0 0 0 
555 588 587 554 0 0 0 0 
556 589 588 555 0 0 0 0 
557 590 589 556 0 0 0 0 
558 591 590 557 0 0 0 0 
559 592 591 558 0 0 0 0 
560 593 592 559 0 0 0 0 
561 594 593 560 2 0 0 0 
563 596 595 562 0 0 4 0 
564 597 596 563 0 0 0 0 
565 598 597 564 0 0 0 0 
566 599 598 565 0 0 0 0 
567 600 599 566 0 0 0 0 
568 601 600 567 0 0 0 0 
569 602 601 568 0 0 0 0 
570 603 602 569 0 0 0 0 
571 604 603 570 0 0 0 0 
572 605 604 571 0 0 0 0 
573 606 605 572 0 0 0 0 
574 607 606 573 0 0 0 0 
575 608 607 574 0 0 0 0 
576 609 608 575 0 0 0 0 
577 610 609 576 0 0 0 0 
578 611 610 577 0 0 0 0 
579 612 611 578 0 0 0 0 
580 613 612 579 0 0 0 0 
581 614 613 580 0 0 0 0 
582 615 614 581 0 0 0 0 
583 616 615 582 0 0 0 0 
584 617 616 583 0 0 0 0 
585 618 617 584 0 0 0 0 
586 619 618 585 0 0 0 0 
587 620 619 586 0 0 0 0 
588 621 620 587 0 0 0 0 
589 622 621 588 0 0 0 0 
590 623 622 589 0 0 0 0 
591 624 623 590 0 0 0 0 
592 625 624 591 0 0 0 0 
593 626 625 592 0 0 0 0 
594 627 626 593 2 0 0 0 
596 629 628 595 0 0 4 0 
597 630 629 596 0 0 0 0 
598 631 630 597 0 0 0 0 
599 632 631 598 0 0 0 0 
600 633 632 599 0 0 0 0 
601 634 633 600 0 0 0 0 
602 635 634 601 0 0 0 0 
603 636 635 602 0 0 0 0 
604 637 636 603 0 0 0 0 
605 638 637 604 0 0 0 0 
606 639 638 605 0 0 0 0 
607 640 639 606 0 0 0 0 
608 641 640 607 0 0 0 0 
609 642 641 608 0 0 0 0 
610 643 642 609 0 0 0 0 
611 644 643 610 0 0 0 0 
612 645 644 611 0 0 0 0 
613 646 645 612 0 0 0 0 
614 647 646 613 0 0 0 0 
615 648 647 614 0 0 0 0 
616 649 648 615 0 0 0 0 
617 650 649 616 0 0 0 0 
618 651 650 617 0 0 0 0 
619 652 651 618 0 0 0 0 
620 653 652 619 0 0 0 0 
621 654 653 620 0 0 0 0 
622 655 654 621 0 0 0 0 
623 656 655 622 0 0 0 0 
624 657 656 623 0 0 0 0 
625 658 657 624 0 0 0 0 
626 659 658 625 0 0 0 0 
627 660 659 626 2 0 0 0 
629 662 661 628 0 0 4 0 
630 663 662 629 0 0 0 0 
631 664 663 630 0 0 0 0 
632 665 664 631 0 0 0 0 
633 666 665 632 0 0 0 0 
634 667 666 633 0 0 0 0 
635 668 667 634 0 0 0 0 
636 669 668 635 0 0 0 0 
637 670 669 636 0 0 0 0 
638 671 670 637 0 0 0 0 
639 672 671 638 0 0 0 0 
640 673 672 639 0 0 0 0 
641 674 673 640 0 0 0 0 
642 675 674 641 0 0 0 0 
643 676 675 642 0 0 0 0 
644 677 676 643 0 0 0 0 
645 678 677 644 0 0 0 0 
646 679 678 645 0 0 0 0 
647 680 679 646 0 0 0 0 
648 681 680 647 0 0 0 0 
649 682 681 648 0 0 0 0 
650 683 682 649 0 0 0 0 
651 684 683 650 0 0 0 0 
652 685 684 651 0 0 0 0 
653 686 685 652 0 0 0 0 
654 687 686 653 0 0 0 0 
655 688 687 654 0 0 0 0 
656 689 688 655 0 0 0 0 
657 690 689 656 0 0 0 0 
658 691 690 657 0 0 0 0 
659 692 691 658 0 0 0 0 
660 693 692 659 2 0 0 0 
662 695 694 661 0 0 4 0 
663 696 695 662 0 0 0 0 
664 697 696 663 0 0 0 0 
665 698 697 664 0 0 0 0 
666 699 698 665 0 0 0 0 
667 700 699 666 0 0 0 0 
668 701 700 667 0 0 0 0 
669 702 701 668 0 0 0 0 
670 703 702 669 0 0 0 0 
671 704 703 670 0 0 0 0 
672 705 704 671 0 0 0 0 
673 706 705 672 0 0 0 0 
674 707 706 673 0 0 0 0 
675 708 707 674 0 0 0 0 
676 709 708 675 0 0 0 0 
677 710 709 676 0 0 0 0 
678 711 710 677 0 0 0 0 
679 712 711 678 0 0 0 0 
680 713 712 679 0 0 0 0 
681 714 713 680 0 0 0 0 
682 715 714 681 0 0 0 0 
683 716 715 682 0 0 0 0 
684 717 716 683 0 0 0 0 
685 718 717 684 0 0 0 0 
686 719 718 685 0 0 0 0 
687 720 719 686 0 0 0 0 
688 721 720 687 0 0 0 0 
689 722 721 688 0 0 0 0 
690 723 722 689 0 0 0 0 
691 724 723 690 0 0 0 0 
692 725 724 691 0 0 0 0 
693 726 725 692 2 0 0 0 
695 728 727 694 0 0 4 0 
696 729 728 695 0 0 0 0 
697 730 729 696 0 0 0 0 
698 731 730 697 0 0 0 0 
699 732 731 698 0 0 0 0 
700 733 732 699 0 0 0 0 
701 734 733 700 0 0 0 0 
702 735 734 701 0 0 0 0 
703 736 735 702 0 0 0 0 
704 737 736 703 0 0 0 0 
705 738 737 704 0 0 0 0 
706 739 738 705 0 0 0 0 
707 740 739 706 0 0 0 0 
708 741 740 707 0 0 0 0 
709 742 741 708 0 0 0 0 
710 743 742 709 0 0 0 0 
711 744 743 710 0 0 0 0 
712 745 744 711 0 0 0 0 
713 746 745 712 0 0 0 0 
714 747 746 713 0 0 0 0 
715 748 747 714 0 0 0 0 
716 749 748 715 0 0 0 0 
717 750 749 716 0 0 0 0 
718 751 750 717 0 0 0 0 
719 752 751 718 0 0 0 0 
720 753 752 719 0 0 0 0 
721 754 753 720 0 0 0 0 
722 755 754 721 0 0 0 0 
723 756 755 722 0 0 0 0 
724 757 756 723 0 0 0 0 
725 758 757 724 0 0 0 0 
726 759 758 725 2 0 0 0 
728 761 760 727 0 0 4 0 
729 762 761 728 0 0 0 0 
730 763 762 729 0 0 0 0 
731 764 763 730 0 0 0 0 
732 765 764 731 0 0 0 0 
733 766 765 732 0 0 0 0 
734 767 766 733 0 0 0 0 
735 768 767 734 0 0 0 0 
736 769 768 735 0 0 0 0 
737 770 769 736 0 0 0 0 
738 771 770 737 0 0 0 0 
739 772 771 738 0 0 0 0 
740 773 772 739 0 0 0 0 
741 774 773 740 0 0 0 0 
742 775 774 741 0 0 0 0 
743 776 775 742 0 0 0 0 
744 777 776 743 0 0 0 0 
745 778 777 744 0 0 0 0 
746 779 778 745 0 0 0 0 
747 780 779 746 0 0 0 0 
748 781 780 747 0 0 0 0 
749 782 781 748 0 0 0 0 
750 783 782 749 0 0 0 0 
751 784 783 750 0 0 0 0 
752 785 784 751 0 0 0 0 
753 786 785 752 0 0 0 0 
754 787 786 753 0 0 0 0 
755 788 787 754 0 0 0 0 
756 789 788 755 0 0 0 0 
757 790 789 756 0 0 0 0 
758 791 790 757 0 0 0 0 
759 792 791 758 2 0 0 0 
761 794 793 760 0 0 4 0 
762 795 794 761 0 0 0 0 
763 796 795 762 0 0 0 0 
764 797 796 763 0 0 0 0 
765 798 797 764 0 0 0 0 
766 799 798 765 0 0 0 0 
767 800 799 766 0 0 0 0 
768 801 800 767 0 0 0 0 
769 802 801 768 0 0 0 0 
770 803 802 769 0 0 0 0 
771 804 803 770 0 0 0 0 
772 805 804 771 0 0 0 0 
773 806 805 772 0 0 0 0 
774 807 806 773 0 0 0 0 
775 808 807 774 0 0 0 0 
776 809 808 775 0 0 0 0 
777 810 809 776 0 0 0 0 
778 811 810 777 0 0 0 0 
779 812 811 778 0 0 0 0 
780 813 812 779 0 0 0 0 
781 814 813 780 0 0 0 0 
782 815 814 781 0 0 0 0 
783 816 815 782 0 0 0 0 
784 817 816 783 0 0 0 0 
785 818 817 784 0 0 0 0 
786 819 818 785 0 0 0 0 
787 820 819 786 0 0 0 0 
788 821 820 787 0 0 0 0 
789 822 821 788 0 0 0 0 
790 823 822 789 0 0 0 0 
791 824 823 790 0 0 0 0 
792 825 824 791 2 0 0 0 
794 827 826 793 0 0 4 0 
795 828 827 794 0 0 0 0 
796 829 828 795 0 0 0 0 
797 830 829 796 0 0 0 0 
798 831 830 797 0 0 0 0 
799 832 831 798 0 0 0 0 
800 833 832 799 0 0 0 0 
801 834 833 800 0 0 0 0 
802 835 834 801 0 0 0 0 
803 836 835 802 0 0 0 0 
804 837 836 803 0 0 0 0 
805 838 837 804 0 0 0 0 
806 839 838 805 0 0 0 0 
807 840 839 806 0 0 0 0 
808 841 840 807 0 0 0 0 
809 842 841 808 0 0 0 0 
810 843 842 809 0 0 0 0 
811 844 843 810 0 0 0 0 
812 845 844 811 0 0 0 0 
813 846 845 812 0 0 0 0 
814 847 846 813 0 0 0 0 
815 848 847 814 0 0 0 0 
816 849 848 815 0 0 0 0 
817 850 849 816 0 0 0 0 
818 851 850 817 0 0 0 0 
819 852 851 818 0 0 0 0 
820 853 852 819 0 0 0 0 
821 854 853 820 0 0 0 0 
822 855 854 821 0 0 0 0 
823 856 855 822 0 0 0 0 
824 857 856 823 0 0 0 0 
825 858 857 824 2 0 0 0 
827 860 859 826 0 0 4 0 
828 861 860 827 0 0 0 0 
829 862 861 828 0 0 0 0 
830 863 862 829 0 0 0 0 
831 864 863 830 0 0 0 0 
832 865 864 831 0 0 0 0 
833 866 865 832 0 0 0 0 
834 867 866 833 0 0 0 0 
835 868 867 834 0 0 0 0 
836 869 868 835 0 0 0 0 
837 870 869 836 0 0 0 0 
838 871 870 837 0 0 0 0 
839 872 871 838 0 0 0 0 
840 873 872 839 0 0 0 0 
841 874 873 840 0 0 0 0 
842 875 874 841 0 0 0 0 
843 876 875 842 0 0 0 0 
844 877 876 843 0 0 0 0 
845 878 877 844 0 0 0 0 
846 879 878 845 0 0 0 0 
847 880 879 846 0 0 0 0 
848 881 880 847 0 0 0 0 
849 882 881 848 0 0 0 0 
850 883 882 849 0 0 0 0 
851 884 883 850 0 0 0 0 
852 885 884 851 0 0 0 0 
853 886 885 852 0 0 0 0 
854 887 886 853 0 0 0 0 
855 888 887 854 0 0 0 0 
856 889 888 855 0 0 0 0 
857 890 889 856 0 0 0 0 
858 891 890 857 2 0 0 0 
860 893 892 859 0 0 4 0 
861 894 893 860 0 0 0 0 
862 895 894 861 0 0 0 0 
863 896 895 862 0 0 0 0 
864 897 896 863 0 0 0 0 
865 898 897 864 0 0 0 0 
866 899 898 865 0 0 0 0 
867 900 899 866 0 0 0 0 
868 901 900 867 0 0 0 0 
869 902 901 868 0 0 0 0 
870 903 902 869 0 0 0 0 
871 904 903 870 0 0 0 0 
872 905 904 871 0 0 0 0 
873 906 905 872 0 0 0 0 
874 907 906 873 0 0 0 0 
875 908 907 874 0 0 0 0 
876 909 908 875 0 0 0 0 
877 910 909 876 0 0 0 0 
878 911 910 877 0 0 0 0 
879 912 911 878 0 0 0 0 
880 913 912 879 0 0 0 0 
881 914 913 880 0 0 0 0 
882 915 914 881 0 0 0 0 
883 916 915 882 0 0 0 0 
884 917 916 883 0 0 0 0 
885 918 917 884 0 0 0 0 
886 919 918 885 0 0 0 0 
887 920 919 886 0 0 0 0 
888 921 920 887 0 0 0 0 
889 922 921 888 0 0 0 0 
890 923 922 889 0 0 0 0 
891 924 923 890 2 0 0 0 
893 926 925 892 0 0 4 0 
894 927 926 893 0 0 0 0 
895 928 927 894 0 0 0 0 
896 929 928 895 0 0 0 0 
897 930 929 896 0 0 0 0 
898 931 930 897 0 0 0 0 
899 932 931 898 0 0 0 0 
900 933 932 899 0 0 0 0 
901 934 933 900 0 0 0 0 
902 935 934 901 0 0 0 0 
903 936 935 902 0 0 0 0 
904 937 936 903 0 0 0 0 
905 938 937 904 0 0 0 0 
906 939 938 905 0 0 0 0 
907 940 939 906 0 0 0 0 
908 941 940 907 0 0 0 0 
909 942 941 908 0 0 0 0 
910 943 942 909 0 0 0 0 
911 944 943 910 0 0 0 0 
912 945 944 911 0 0 0 0 
913 946 945 912 0 0 0 0 
914 947 946 913 0 0 0 0 
915 948 947 914 0 0 0 0 
916 949 948 915 0 0 0 0 
917 950 949 916 0 0 0 0 
918 951 950 917 0 0 0 0 
919 952 951 918 0 0 0 0 
920 953 952 919 0 0 0 0 
921 954 953 920 0 0 0 0 
922 955 954 921 0 0 0 0 
923 956 955 922 0 0 0 0 
924 957 956 923 2 0 0 0 
926 959 958 925 0 0 4 0 
927 960 959 926 0 0 0 0 
928 961 960 927 0 0 0 0 
929 962 961 928 0 0 0 0 
930 963 962 929 0 0 0 0 
931 964 963 930 0 0 0 0 
932 965 964 931 0 0 0 0 
933 966 965 932 0 0 0 0 
934 967 966 933 0 0 0 0 
935 968 967 934 0 0 0 0 
936 969 968 935 0 0 0 0 
937 970 969 936 0 0 0 0 
938 971 970 937 0 0 0 0 
939 972 971 938 0 0 0 0 
940 973 972 939 0 0 0 0 
941 974 973 940 0 0 0 0 
942 975 974 941 0 0 0 0 
943 976 975 942 0 0 0 0 
944 977 976 943 0 0 0 0 
945 978 977 944 0 0 0 0 
946 979 978 945 0 0 0 0 
947 980 979 946 0 0 0 0 
948 981 980 947 0 0 0 0 
949 982 981 948 0 0 0 0 
950 983 982 949 0 0 0 0 
951 984 983 950 0 0 0 0 
952 985 984 951 0 0 0 0 
953 986 985 952 0 0 0 0 
954 987 986 953 0 0 0 0 
955 988 987 954 0 0 0 0 
956 989 988 955 0 0 0 0 
957 990 989 956 2 0 0 0 
959 992 991 958 0 0 4 0 
960 993 992 959 0 0 0 0 
961 994 993 960 0 0 0 0 
962 995 994 961 0 0 0 0 
963 996 995 962 0 0 0 0 
964 997 996 963 0 0 0 0 
965 998 997 964 0 0 0 0 
966 999 998 965 0 0 0 0 
967 1000 999 966 0 0 0 0 
968 1001 1000 967 0 0 0 0 
969 1002 1001 968 0 0 0 0 
970 1003 1002 969 0 0 0 0 
971 1004 1003 970 0 0 0 0 
972 1005 1004 971 0 0 0 0 
973 1006 1005 972 0 0 0 0 
974 1007 1006 973 0 0 0 0 
975 1008 1007 974 0 0 0 0 
976 1009 1008 975 0 0 0 0 
977 1010 1009 976 0 0 0 0 
978 1011 1010 977 0 0 0 0 
979 1012 1011 978 0 0 0 0 
980 1013 1012 979 0 0 0 0 
981 1014 1013 980 0 0 0 0 
982 1015 1014 981 0 0 0 0 
983 1016 1015 982 0 0 0 0 
984 1017 1016 983 0 0 0 0 
985 1018 1017 984 0 0 0 0 
986 1019 1018 985 0 0 0 0 
987 1020 1019 986 0 0 0 0 
988 1021 1020 987 0 0 0 0 
989 1022 1021 988 0 0 0 0 
990 1023 1022 989 2 0 0 0 
992 1025 1024 991 0 0 4 0 
993 1026 1025 992 0 0 0 0 
994 1027 1026 993 0 0 0 0 
995 1028 1027 994 0 0 0 0 
996 1029 1028 995 0 0 0 0 
997 1030 1029 996 0 0 0 0 
998 1031 1030 997 0 0 0 0 
999 1032 1031 998 0 0 0 0 
1000 1033 1032 999 0 0 0 0 
1001 1034 1033 1000 0 0 0 0 
1002 1035 1034 1001 0 0 0 0 
1003 1036 1035 1002 0 0 0 0 
1004 1037 1036 1003 0 0 0 0 
1005 1038 1037 1004 0 0 0 0 
1006 1039 1038 1005 0 0 0 0 
1007 1040 1039 1006 0 0 0 0 
1008 1041 1040 1007 0 0 0 0 
1009 1042 1041 1008 0 0 0 0 
1010 1043 1042 1009 0 0 0 0 
1011 1044 1043 1010 0 0 0 0 
1012 1045 1044 1011 0 0 0 0 
1013 1046 1045 1012 0 0 0 0 
1014 1047 1046 1013 0 0 0 0 
1015 1048 1047 1014 0 0 0 0 
1016 1049 1048 1015 0 0 0 0 
1017 1050 1049 1016 0 0 0 0 
1018 1051 1050 1017 0 0 0 0 
1019 1052 1051 1018 0 0 0 0 
1020 1053 1052 1019 0 0 0 0 
1021 1054 1053 1020 0 0 0 0 
1022 1055 1054 1021 0 0 0 0 
1023 1056 1055 1022 2 0 0 0 
1025 1058 1057 1024 0 3 4 0 
1026 1059 1058 1025 0 3 0 0 
1027 1060 1059 1026 0 3 0 0 
1028 1061 1060 1027 0 3 0 0 
1029 1062 1061 1028 0 3 0 0 
1030 1063 1062 1029 0 3 0 0 
1031 1064 1063 1030 0 3 0 0 
1032 1065 1064 1031 0 3 0 0 
1033 1066 1065 1032 0 3 0 0 
1034 1067 1066 1033 0 3 0 0 
1035 1068 1067 1034 0 3 0 0 
1036 1069 1068 1035 0 3 0 0 
1037 1070 1069 1036 0 3 0 0 
1038 1071 1070 1037 0 3 0 0 
1039 1072 1071 1038 0 3 0 0 
1040 1073 1072 1039 0 3 0 0 
1041 1074 1073 1040 0 3 0 0 
1042 1075 1074 1041 0 3 0 0 
1043 1076 1075 1042 0 3 0 0 
1044 1077 1076 1043 0 3 0 0 
1045 1078 1077 1044 0 3 0 0 
1046 1079 1078 1045 0 3 0 0 
1047 1080 1079 1046 0 3 0 0 
1048 1081 1080 1047 0 3 0 0 
1049 1082 1081 1048 0 3 0 0 
1050 1083 1082 1049 0 3 0 0 
1051 1084 1083 1050 0 3 0 0 
1052 1085 1084 1051 0 3 0 0 
1053 1086 1085 1052 0 3 0 0 
1054 1087 1086 1053 0 3 0 0 
1055 1088 1087 1054 0 3 0 0 
1056 1089 1088 1055 2 3 0 0 
