81
0.000000 0.000000
0.125000 0.000000
0.250000 0.000000
0.375000 0.000000
0.500000 0.000000
0.625000 0.000000
0.750000 0.000000
0.875000 0.000000
1.000000 0.000000
0.000000 0.125000
0.125000 0.125000
0.250000 0.125000
0.375000 0.125000
0.500000 0.125000
0.625000 0.125000
0.750000 0.125000
0.875000 0.125000
1.000000 0.125000
0.000000 0.250000
0.125000 0.250000
0.250000 0.250000
0.375000 0.250000
0.500000 0.250000
0.625000 0.250000
0.750000 0.250000
0.875000 0.250000
1.000000 0.250000
0.000000 0.375000
0.125000 0.375000
0.250000 0.375000
0.375000 0.375000
0.500000 0.375000
0.625000 0.375000
0.750000 0.375000
0.875000 0.375000
1.000000 0.375000
0.000000 0.500000
0.125000 0.500000
0.250000 0.500000
0.375000 0.500000
0.500000 0.500000
0.625000 0.500000
0.750000 0.500000
0.875000 0.500000
1.000000 0.500000
0.000000 0.625000
0.125000 0.625000
0.250000 0.625000
0.375000 0.625000
0.500000 0.625000
0.625000 0.625000
0.750000 0.625000
0.875000 0.625000
1.000000 0.625000
0.000000 0.750000
0.125000 0.750000
0.250000 0.750000
0.375000 0.750000
0.500000 0.750000
0.625000 0.750000
0.750000 0.750000
0.875000 0.750000
1.000000 0.750000
0.000000 0.875000
0.125000 0.875000
0.250000 0.875000
0.375000 0.875000
0.500000 0.875000
0.625000 0.875000
0.750000 0.875000
0.875000 0.875000
1.000000 0.875000
0.000000 1.000000
0.125000 1.000000
0.250000 1.000000
0.375000 1.000000
0.500000 1.000000
0.625000 1.000000
0.750000 1.000000
0.875000 1.000000
1.000000 1.000000
128 2 3 3
2 10 1 0 4 1 
10 2 11 0 0 0 
3 11 2 0 0 1 
11 3 12 0 0 0 
4 12 3 0 0 1 
12 4 13 0 0 0 
5 13 4 0 0 1 
13 5 14 0 0 0 
6 14 5 0 0 1 
14 6 15 0 0 0 
7 15 6 0 0 1 
15 7 16 0 0 0 
8 16 7 0 0 1 
16 8 17 0 0 0 
9 17 8 0 0 1 
17 9 18 0 2 0 
11 19 10 0 4 0 
19 11 20 0 0 0 
12 20 11 0 0 0 
20 12 21 0 0 0 
13 21 12 0 0 0 
21 13 22 0 0 0 
14 22 13 0 0 0 
22 14 23 0 0 0 
15 23 14 0 0 0 
23 15 24 0 0 0 
16 24 15 0 0 0 
24 16 25 0 0 0 
17 25 16 0 0 0 
25 17 26 0 0 0 
18 26 17 0 0 0 
26 18 27 0 2 0 
20 28 19 0 4 0 
28 20 29 0 0 0 
21 29 20 0 0 0 
29 21 30 0 0 0 
22 30 21 0 0 0 
30 22 31 0 0 0 
23 31 22 0 0 0 
31 23 32 0 0 0 
24 32 23 0 0 0 
32 24 33 0 0 0 
25 33 24 0 0 0 
33 25 34 0 0 0 
26 34 25 0 0 0 
34 26 35 0 0 0 
27 35 26 0 0 0 
35 27 36 0 2 0 
29 37 28 0 4 0 
37 29 38 0 0 0 
30 38 29 0 0 0 
38 30 39 0 0 0 
31 39 30 0 0 0 
39 31 40 0 0 0 
32 40 31 0 0 0 
40 32 41 0 0 0 
33 41 32 0 0 0 
41 33 42 0 0 0 
34 42 33 0 0 0 
42 34 43 0 0 0 
35 43 34 0 0 0 
43 35 44 0 0 0 
36 44 35 0 0 0 
44 36 45 0 2 0 
38 46 37 0 4 0 
46 38 47 0 0 0 
39 47 38 0 0 0 
47 39 48 0 0 0 
40 48 39 0 0 0 
48 40 49 0 0 0 
41 49 40 0 0 0 
49 41 50 0 0 0 
42 50 41 0 0 0 
50 42 51 0 0 0 
43 51 42 0 0 0 
51 43 52 0 0 0 
44 52 43 0 0 0 
52 44 53 0 0 0 
45 53 44 0 0 0 
53 45 54 0 2 0 
47 55 46 0 4 0 
55 47 56 0 0 0 
48 56 47 0 0 0 
56 48 57 0 0 0 
49 57 48 0 0 0 
57 49 58 0 0 0 
50 58 49 0 0 0 
58 50 59 0 0 0 
51 59 50 0 0 0 
59 51 60 0 0 0 
52 60 51 0 0 0 
60 52 61 0 0 0 
53 61 52 0 0 0 
61 53 62 0 0 0 
54 62 53 0 0 0 
62 54 63 0 2 0 
56 64 55 0 4 0 
64 56 65 0 0 0 
57 65 56 0 0 0 
65 57 66 0 0 0 
58 66 57 0 0 0 
66 58 67 0 0 0 
59 67 58 0 0 0 
67 59 68 0 0 0 
60 68 59 0 0 0 
68 60 69 0 0 0 
61 69 60 0 0 0 
69 61 70 0 0 0 
62 70 61 0 0 0 
70 62 71 0 0 0 
63 71 62 0 0 0 
71 63 72 0 2 0 
65 73 64 0 4 0 
73 65 74 0 0 3 
66 74 65 0 0 0 
74 66 75 0 0 3 
67 75 66 0 0 0 
75 67 76 0 0 3 
68 76 67 0 0 0 
76 68 77 0 0 3 
69 77 68 0 0 0 
77 69 78 0 0 3 
70 78 69 0 0 0 
78 70 79 0 0 3 
71 79 70 0 0 0 
79 71 80 0 0 3 
72 80 71 0 0 0 
80 72 81 0 2 3 
