289
0.000000 0.000000
0.062500 0.000000
0.125000 0.000000
0.187500 0.000000
0.250000 0.000000
0.312500 0.000000
0.375000 0.000000
0.437500 0.000000
0.500000 0.000000
0.562500 0.000000
0.625000 0.000000
0.687500 0.000000
0.750000 0.000000
0.812500 0.000000
0.875000 0.000000
0.937500 0.000000
1.000000 0.000000
0.000000 0.062500
0.062500 0.062500
0.125000 0.062500
0.187500 0.062500
0.250000 0.062500
0.312500 0.062500
0.375000 0.062500
0.437500 0.062500
0.500000 0.062500
0.562500 0.062500
0.625000 0.062500
0.687500 0.062500
0.750000 0.062500
0.812500 0.062500
0.875000 0.062500
0.937500 0.062500
1.000000 0.062500
0.000000 0.125000
0.062500 0.125000
0.125000 0.125000
0.187500 0.125000
0.250000 0.125000
0.312500 0.125000
0.375000 0.125000
0.437500 0.125000
0.500000 0.125000
0.562500 0.125000
0.625000 0.125000
0.687500 0.125000
0.750000 0.125000
0.812500 0.125000
0.875000 0.125000
0.937500 0.125000
1.000000 0.125000
0.000000 0.187500
0.062500 0.187500
0.125000 0.187500
0.187500 0.187500
0.250000 0.187500
0.312500 0.187500
0.375000 0.187500
0.437500 0.187500
0.500000 0.187500
0.562500 0.187500
0.625000 0.187500
0.687500 0.187500
0.750000 0.187500
0.812500 0.187500
0.875000 0.187500
0.937500 0.187500
1.000000 0.187500
0.000000 0.250000
0.062500 0.250000
0.125000 0.250000
0.187500 0.250000
0.250000 0.250000
0.312500 0.250000
0.375000 0.250000
0.437500 0.250000
0.500000 0.250000
0.562500 0.250000
0.625000 0.250000
0.687500 0.250000
0.750000 0.250000
0.812500 0.250000
0.875000 0.250000
0.937500 0.250000
1.000000 0.250000
0.000000 0.312500
0.062500 0.312500
0.125000 0.312500
0.187500 0.312500
0.250000 0.312500
0.312500 0.312500
0.375000 0.312500
0.437500 0.312500
0.500000 0.312500
0.562500 0.312500
0.625000 0.312500
0.687500 0.312500
0.750000 0.312500
0.812500 0.312500
0.875000 0.312500
0.937500 0.312500
1.000000 0.312500
0.000000 0.375000
0.062500 0.375000
0.125000 0.375000
0.187500 0.375000
0.250000 0.375000
0.312500 0.375000
0.375000 0.375000
0.437500 0.375000
0.500000 0.375000
0.562500 0.375000
0.625000 0.375000
0.687500 0.375000
0.750000 0.375000
0.812500 0.375000
0.875000 0.375000
0.937500 0.375000
1.000000 0.375000
0.000000 0.437500
0.062500 0.437500
0.125000 0.437500
0.187500 0.437500
0.250000 0.437500
0.312500 0.437500
0.375000 0.437500
0.437500 0.437500
0.500000 0.437500
0.562500 0.437500
0.625000 0.437500
0.687500 0.437500
0.750000 0.437500
0.812500 0.437500
0.875000 0.437500
0.937500 0.437500
1.000000 0.437500
0.000000 0.500000
0.062500 0.500000
0.125000 0.500000
0.187500 0.500000
0.250000 0.500000
0.312500 0.500000
0.375000 0.500000
0.437500 0.500000
0.500000 0.500000
0.562500 0.500000
0.625000 0.500000
0.687500 0.500000
0.750000 0.500000
0.812500 0.500000
0.875000 0.500000
0.937500 0.500000
1.000000 0.500000
0.000000 0.562500
0.062500 0.562500
0.125000 0.562500
0.187500 0.562500
0.250000 0.562500
0.312500 0.562500
0.375000 0.562500
0.437500 0.562500
0.500000 0.562500
0.562500 0.562500
0.625000 0.562500
0.687500 0.562500
0.750000 0.562500
0.812500 0.562500
0.875000 0.562500
0.937500 0.562500
1.000000 0.562500
0.000000 0.625000
0.062500 0.625000
0.125000 0.625000
0.187500 0.625000
0.250000 0.625000
0.312500 0.625000
0.375000 0.625000
0.437500 0.625000
0.500000 0.625000
0.562500 0.625000
0.625000 0.625000
0.687500 0.625000
0.750000 0.625000
0.812500 0.625000
0.875000 0.625000
0.937500 0.625000
1.000000 0.625000
0.000000 0.687500
0.062500 0.687500
0.125000 0.687500
0.187500 0.687500
0.250000 0.687500
0.312500 0.687500
0.375000 0.687500
0.437500 0.687500
0.500000 0.687500
0.562500 0.687500
0.625000 0.687500
0.687500 0.687500
0.750000 0.687500
0.812500 0.687500
0.875000 0.687500
0.937500 0.687500
1.000000 0.687500
0.000000 0.750000
0.062500 0.750000
0.125000 0.750000
0.187500 0.750000
0.250000 0.750000
0.312500 0.750000
0.375000 0.750000
0.437500 0.750000
0.500000 0.750000
0.562500 0.750000
0.625000 0.750000
0.687500 0.750000
0.750000 0.750000
0.812500 0.750000
0.875000 0.750000
0.937500 0.750000
1.000000 0.750000
0.000000 0.812500
0.062500 0.812500
0.125000 0.812500
0.187500 0.812500
0.250000 0.812500
0.312500 0.812500
0.375000 0.812500
0.437500 0.812500
0.500000 0.812500
0.562500 0.812500
0.625000 0.812500
0.687500 0.812500
0.750000 0.812500
0.812500 0.812500
0.875000 0.812500
0.937500 0.812500
1.000000 0.812500
0.000000 0.875000
0.062500 0.875000
0.125000 0.875000
0.187500 0.875000
0.250000 0.875000
0.312500 0.875000
0.375000 0.875000
0.437500 0.875000
0.500000 0.875000
0.562500 0.875000
0.625000 0.875000
0.687500 0.875000
0.750000 0.875000
0.812500 0.875000
0.875000 0.875000
0.937500 0.875000
1.000000 0.875000
0.000000 0.937500
0.062500 0.937500
0.125000 0.937500
0.187500 0.937500
0.250000 0.937500
0.312500 0.937500
0.375000 0.937500
0.437500 0.937500
0.500000 0.937500
0.562500 0.937500
0.625000 0.937500
0.687500 0.937500
0.750000 0.937500
0.812500 0.937500
0.875000 0.937500
0.937500 0.937500
1.000000 0.937500
0.000000 1.000000
0.062500 1.000000
0.125000 1.000000
0.187500 1.000000
0.250000 1.000000
0.312500 1.000000
0.375000 1.000000
0.437500 1.000000
0.500000 1.000000
0.562500 1.000000
0.625000 1.000000
0.687500 1.000000
0.750000 1.000000
0.812500 1.000000
0.875000 1.000000
0.937500 1.000000
1.000000 1.000000
512 2 3 3
2 18 1 0 4 1 
18 2 19 0 0 0 
3 19 2 0 0 1 
19 3 20 0 0 0 
4 20 3 0 0 1 
20 4 21 0 0 0 
5 21 4 0 0 1 
21 5 22 0 0 0 
6 22 5 0 0 1 
22 6 23 0 0 0 
7 23 6 0 0 1 
23 7 24 0 0 0 
8 24 7 0 0 1 
24 8 25 0 0 0 
9 25 8 0 0 1 
25 9 26 0 0 0 
10 26 9 0 0 1 
26 10 27 0 0 0 
11 27 10 0 0 1 
27 11 28 0 0 0 
12 28 11 0 0 1 
28 12 29 0 0 0 
13 29 12 0 0 1 
29 13 30 0 0 0 
14 30 13 0 0 1 
30 14 31 0 0 0 
15 31 14 0 0 1 
31 15 32 0 0 0 
16 32 15 0 0 1 
32 16 33 0 0 0 
17 33 16 0 0 1 
33 17 34 0 2 0 
19 35 18 0 4 0 
35 19 36 0 0 0 
20 36 19 0 0 0 
36 20 37 0 0 0 
21 37 20 0 0 0 
37 21 38 0 0 0 
22 38 21 0 0 0 
38 22 39 0 0 0 
23 39 22 0 0 0 
39 23 40 0 0 0 
24 40 23 0 0 0 
40 24 41 0 0 0 
25 41 24 0 0 0 
41 25 42 0 0 0 
26 42 25 0 0 0 
42 26 43 0 0 0 
27 43 26 0 0 0 
43 27 44 0 0 0 
28 44 27 0 0 0 
44 28 45 0 0 0 
29 45 28 0 0 0 
45 29 46 0 0 0 
30 46 29 0 0 0 
46 30 47 0 0 0 
31 47 30 0 0 0 
47 31 48 0 0 0 
32 48 31 0 0 0 
48 32 49 0 0 0 
33 49 32 0 0 0 
49 33 50 0 0 0 
34 50 33 0 0 0 
50 34 51 0 2 0 
36 52 35 0 4 0 
52 36 53 0 0 0 
37 53 36 0 0 0 
53 37 54 0 0 0 
38 54 37 0 0 0 
54 38 55 0 0 0 
39 55 38 0 0 0 
55 39 56 0 0 0 
40 56 39 0 0 0 
56 40 57 0 0 0 
41 57 40 0 0 0 
57 41 58 0 0 0 
42 58 41 0 0 0 
58 42 59 0 0 0 
43 59 42 0 0 0 
59 43 60 0 0 0 
44 60 43 0 0 0 
60 44 61 0 0 0 
45 61 44 0 0 0 
61 45 62 0 0 0 
46 62 45 0 0 0 
62 46 63 0 0 0 
47 63 46 0 0 0 
63 47 64 0 0 0 
48 64 47 0 0 0 
64 48 65 0 0 0 
49 65 48 0 0 0 
65 49 66 0 0 0 
50 66 49 0 0 0 
66 50 67 0 0 0 
51 67 50 0 0 0 
67 51 68 0 2 0 
53 69 52 0 4 0 
69 53 70 0 0 0 
54 70 53 0 0 0 
70 54 71 0 0 0 
55 71 54 0 0 0 
71 55 72 0 0 0 
56 72 55 0 0 0 
72 56 73 0 0 0 
57 73 56 0 0 0 
73 57 74 0 0 0 
58 74 57 0 0 0 
74 58 75 0 0 0 
59 75 58 0 0 0 
75 59 76 0 0 0 
60 76 59 0 0 0 
76 60 77 0 0 0 
61 77 60 0 0 0 
77 61 78 0 0 0 
62 78 61 0 0 0 
78 62 79 0 0 0 
63 79 62 0 0 0 
79 63 80 0 0 0 
64 80 63 0 0 0 
80 64 81 0 0 0 
65 81 64 0 0 0 
81 65 82 0 0 0 
66 82 65 0 0 0 
82 66 83 0 0 0 
67 83 66 0 0 0 
83 67 84 0 0 0 
68 84 67 0 0 0 
84 68 85 0 2 0 
70 86 69 0 4 0 
86 70 87 0 0 0 
71 87 70 0 0 0 
87 71 88 0 0 0 
72 88 71 0 0 0 
88 72 89 0 0 0 
73 89 72 0 0 0 
89 73 90 0 0 0 
74 90 73 0 0 0 
90 74 91 0 0 0 
75 91 74 0 0 0 
91 75 92 0 0 0 
76 92 75 0 0 0 
92 76 93 0 0 0 
77 93 76 0 0 0 
93 77 94 0 0 0 
78 94 77 0 0 0 
94 78 95 0 0 0 
79 95 78 0 0 0 
95 79 96 0 0 0 
80 96 79 0 0 0 
96 80 97 0 0 0 
81 97 80 0 0 0 
97 81 98 0 0 0 
82 98 81 0 0 0 
98 82 99 0 0 0 
83 99 82 0 0 0 
99 83 100 0 0 0 
84 100 83 0 0 0 
100 84 101 0 0 0 
85 101 84 0 0 0 
101 85 102 0 2 0 
87 103 86 0 4 0 
103 87 104 0 0 0 
88 104 87 0 0 0 
104 88 105 0 0 0 
89 105 88 0 0 0 
105 89 106 0 0 0 
90 106 89 0 0 0 
106 90 107 0 0 0 
91 107 90 0 0 0 
107 91 108 0 0 0 
92 108 91 0 0 0 
108 92 109 0 0 0 
93 109 92 0 0 0 
109 93 110 0 0 0 
94 110 93 0 0 0 
110 94 111 0 0 0 
95 111 94 0 0 0 
111 95 112 0 0 0 
96 112 95 0 0 0 
112 96 113 0 0 0 
97 113 96 0 0 0 
113 97 114 0 0 0 
98 114 97 0 0 0 
114 98 115 0 0 0 
99 115 98 0 0 0 
115 99 116 0 0 0 
100 116 99 0 0 0 
116 100 117 0 0 0 
101 117 100 0 0 0 
117 101 118 0 0 0 
102 118 101 0 0 0 
118 102 119 0 2 0 
104 120 103 0 4 0 
120 104 121 0 0 0 
105 121 104 0 0 0 
121 105 122 0 0 0 
106 122 105 0 0 0 
122 106 123 0 0 0 
107 123 106 0 0 0 
123 107 124 0 0 0 
108 124 107 0 0 0 
124 108 125 0 0 0 
109 125 108 0 0 0 
125 109 126 0 0 0 
110 126 109 0 0 0 
126 110 127 0 0 0 
111 127 110 0 0 0 
127 111 128 0 0 0 
112 128 111 0 0 0 
128 112 129 0 0 0 
113 129 112 0 0 0 
129 113 130 0 0 0 
114 130 113 0 0 0 
130 114 131 0 0 0 
115 131 114 0 0 0 
131 115 132 0 0 0 
116 132 115 0 0 0 
132 116 133 0 0 0 
117 133 116 0 0 0 
133 117 134 0 0 0 
118 134 117 0 0 0 
134 118 135 0 0 0 
119 135 118 0 0 0 
135 119 136 0 2 0 
121 137 120 0 4 0 
137 121 138 0 0 0 
122 138 121 0 0 0 
138 122 139 0 0 0 
123 139 122 0 0 0 
139 123 140 0 0 0 
124 140 123 0 0 0 
140 124 141 0 0 0 
125 141 124 0 0 0 
141 125 142 0 0 0 
126 142 125 0 0 0 
142 126 143 0 0 0 
127 143 126 0 0 0 
143 127 144 0 0 0 
128 144 127 0 0 0 
144 128 145 0 0 0 
129 145 128 0 0 0 
145 129 146 0 0 0 
130 146 129 0 0 0 
146 130 147 0 0 0 
131 147 130 0 0 0 
147 131 148 0 0 0 
132 148 131 0 0 0 
148 132 149 0 0 0 
133 149 132 0 0 0 
149 133 150 0 0 0 
134 150 133 0 0 0 
150 134 151 0 0 0 
135 151 134 0 0 0 
151 135 152 0 0 0 
136 152 135 0 0 0 
152 136 153 0 2 0 
138 154 137 0 4 0 
154 138 155 0 0 0 
139 155 138 0 0 0 
155 139 156 0 0 0 
140 156 139 0 0 0 
156 140 157 0 0 0 
141 157 140 0 0 0 
157 141 158 0 0 0 
142 158 141 0 0 0 
158 142 159 0 0 0 
143 159 142 0 0 0 
159 143 160 0 0 0 
144 160 143 0 0 0 
160 144 161 0 0 0 
145 161 144 0 0 0 
161 145 162 0 0 0 
146 162 145 0 0 0 
162 146 163 0 0 0 
147 163 146 0 0 0 
163 147 164 0 0 0 
148 164 147 0 0 0 
164 148 165 0 0 0 
149 165 148 0 0 0 
165 149 166 0 0 0 
150 166 149 0 0 0 
166 150 167 0 0 0 
151 167 150 0 0 0 
167 151 168 0 0 0 
152 168 151 0 0 0 
168 152 169 0 0 0 
153 169 152 0 0 0 
169 153 170 0 2 0 
155 171 154 0 4 0 
171 155 172 0 0 0 
156 172 155 0 0 0 
172 156 173 0 0 0 
157 173 156 0 0 0 
173 157 174 0 0 0 
158 174 157 0 0 0 
174 158 175 0 0 0 
159 175 158 0 0 0 
175 159 176 0 0 0 
160 176 159 0 0 0 
176 160 177 0 0 0 
161 177 160 0 0 0 
177 161 178 0 0 0 
162 178 161 0 0 0 
178 162 179 0 0 0 
163 179 162 0 0 0 
179 163 180 0 0 0 
164 180 163 0 0 0 
180 164 181 0 0 0 
165 181 164 0 0 0 
181 165 182 0 0 0 
166 182 165 0 0 0 
182 166 183 0 0 0 
167 183 166 0 0 0 
183 167 184 0 0 0 
168 184 167 0 0 0 
184 168 185 0 0 0 
169 185 168 0 0 0 
185 169 186 0 0 0 
170 186 169 0 0 0 
186 170 187 0 2 0 
172 188 171 0 4 0 
188 172 189 0 0 0 
173 189 172 0 0 0 
189 173 190 0 0 0 
174 190 173 0 0 0 
190 174 191 0 0 0 
175 191 174 0 0 0 
191 175 192 0 0 0 
176 192 175 0 0 0 
192 176 193 0 0 0 
177 193 176 0 0 0 
193 177 194 0 0 0 
178 194 177 0 0 0 
194 178 195 0 0 0 
179 195 178 0 0 0 
195 179 196 0 0 0 
180 196 179 0 0 0 
196 180 197 0 0 0 
181 197 180 0 0 0 
197 181 198 0 0 0 
182 198 181 0 0 0 
198 182 199 0 0 0 
183 199 182 0 0 0 
199 183 200 0 0 0 
184 200 183 0 0 0 
200 184 201 0 0 0 
185 201 184 0 0 0 
201 185 202 0 0 0 
186 202 185 0 0 0 
202 186 203 0 0 0 
187 203 186 0 0 0 
203 187 204 0 2 0 
189 205 188 0 4 0 
205 189 206 0 0 0 
190 206 189 0 0 0 
206 190 207 0 0 0 
191 207 190 0 0 0 
207 191 208 0 0 0 
192 208 191 0 0 0 
208 192 209 0 0 0 
193 209 192 0 0 0 
209 193 210 0 0 0 
194 210 193 0 0 0 
210 194 211 0 0 0 
195 211 194 0 0 0 
211 195 212 0 0 0 
196 212 195 0 0 0 
212 196 213 0 0 0 
197 213 196 0 0 0 
213 197 214 0 0 0 
198 214 197 0 0 0 
214 198 215 0 0 0 
199 215 198 0 0 0 
215 199 216 0 0 0 
200 216 199 0 0 0 
216 200 217 0 0 0 
201 217 200 0 0 0 
217 201 218 0 0 0 
202 218 201 0 0 0 
218 202 219 0 0 0 
203 219 202 0 0 0 
219 203 220 0 0 0 
204 220 203 0 0 0 
220 204 221 0 2 0 
206 222 205 0 4 0 
222 206 223 0 0 0 
207 223 206 0 0 0 
223 207 224 0 0 0 
208 224 207 0 0 0 
224 208 225 0 0 0 
209 225 208 0 0 0 
225 209 226 0 0 0 
210 226 209 0 0 0 
226 210 227 0 0 0 
211 227 210 0 0 0 
227 211 228 0 0 0 
212 228 211 0 0 0 
228 212 229 0 0 0 
213 229 212 0 0 0 
229 213 230 0 0 0 
214 230 213 0 0 0 
230 214 231 0 0 0 
215 231 214 0 0 0 
231 215 232 0 0 0 
216 232 215 0 0 0 
232 216 233 0 0 0 
217 233 216 0 0 0 
233 217 234 0 0 0 
218 234 217 0 0 0 
234 218 235 0 0 0 
219 235 218 0 0 0 
235 219 236 0 0 0 
220 236 219 0 0 0 
236 220 237 0 0 0 
221 237 220 0 0 0 
237 221 238 0 2 0 
223 239 222 0 4 0 
239 223 240 0 0 0 
224 240 223 0 0 0 
240 224 241 0 0 0 
225 241 224 0 0 0 
241 225 242 0 0 0 
226 242 225 0 0 0 
242 226 243 0 0 0 
227 243 226 0 0 0 
243 227 244 0 0 0 
228 244 227 0 0 0 
244 228 245 0 0 0 
229 245 228 0 0 0 
245 229 246 0 0 0 
230 246 229 0 0 0 
246 230 247 0 0 0 
231 247 230 0 0 0 
247 231 248 0 0 0 
232 248 231 0 0 0 
248 232 249 0 0 0 
233 249 232 0 0 0 
249 233 250 0 0 0 
234 250 233 0 0 0 
250 234 251 0 0 0 
235 251 234 0 0 0 
251 235 252 0 0 0 
236 252 235 0 0 0 
252 236 253 0 0 0 
237 253 236 0 0 0 
253 237 254 0 0 0 
238 254 237 0 0 0 
254 238 255 0 2 0 
240 256 239 0 4 0 
256 240 257 0 0 0 
241 257 240 0 0 0 
257 241 258 0 0 0 
242 258 241 0 0 0 
258 242 259 0 0 0 
243 259 242 0 0 0 
259 243 260 0 0 0 
244 260 243 0 0 0 
260 244 261 0 0 0 
245 261 244 0 0 0 
261 245 262 0 0 0 
246 262 245 0 0 0 
262 246 263 0 0 0 
247 263 246 0 0 0 
263 247 264 0 0 0 
248 264 247 0 0 0 
264 248 265 0 0 0 
249 265 248 0 0 0 
265 249 266 0 0 0 
250 266 249 0 0 0 
266 250 267 0 0 0 
251 267 250 0 0 0 
267 251 268 0 0 0 
252 268 251 0 0 0 
268 252 269 0 0 0 
253 269 252 0 0 0 
269 253 270 0 0 0 
254 270 253 0 0 0 
270 254 271 0 0 0 
255 271 254 0 0 0 
271 255 272 0 2 0 
257 273 256 0 4 0 
273 257 274 0 0 3 
258 274 257 0 0 0 
274 258 275 0 0 3 
259 275 258 0 0 0 
275 259 276 0 0 3 
260 276 259 0 0 0 
276 260 277 0 0 3 
261 277 260 0 0 0 
277 261 278 0 0 3 
262 278 261 0 0 0 
278 262 279 0 0 3 
263 279 262 0 0 0 
279 263 280 0 0 3 
264 280 263 0 0 0 
280 264 281 0 0 3 
265 281 264 0 0 0 
281 265 282 0 0 3 
266 282 265 0 0 0 
282 266 283 0 0 3 
267 283 266 0 0 0 
283 267 284 0 0 3 
268 284 267 0 0 0 
284 268 285 0 0 3 
269 285 268 0 0 0 
285 269 286 0 0 3 
270 286 269 0 0 0 
286 270 287 0 0 3 
271 287 270 0 0 0 
287 271 288 0 0 3 
272 288 271 0 0 0 
288 272 289 0 2 3 
