1089
0.000000 0.000000
0.031250 0.000000
0.062500 0.000000
0.093750 0.000000
0.125000 0.000000
0.156250 0.000000
0.187500 0.000000
0.218750 0.000000
0.250000 0.000000
0.281250 0.000000
0.312500 0.000000
0.343750 0.000000
0.375000 0.000000
0.406250 0.000000
0.437500 0.000000
0.468750 0.000000
0.500000 0.000000
0.531250 0.000000
0.562500 0.000000
0.593750 0.000000
0.625000 0.000000
0.656250 0.000000
0.687500 0.000000
0.718750 0.000000
0.750000 0.000000
0.781250 0.000000
0.812500 0.000000
0.843750 0.000000
0.875000 0.000000
0.906250 0.000000
0.937500 0.000000
0.968750 0.000000
1.000000 0.000000
0.000000 0.031250
0.031250 0.031250
0.062500 0.031250
0.093750 0.031250
0.125000 0.031250
0.156250 0.031250
0.187500 0.031250
0.218750 0.031250
0.250000 0.031250
0.281250 0.031250
0.312500 0.031250
0.343750 0.031250
0.375000 0.031250
0.406250 0.031250
0.437500 0.031250
0.468750 0.031250
0.500000 0.031250
0.531250 0.031250
0.562500 0.031250
0.593750 0.031250
0.625000 0.031250
0.656250 0.031250
0.687500 0.031250
0.718750 0.031250
0.750000 0.031250
0.781250 0.031250
0.812500 0.031250
0.843750 0.031250
0.875000 0.031250
0.906250 0.031250
0.937500 0.031250
0.968750 0.031250
1.000000 0.031250
0.000000 0.062500
0.031250 0.062500
0.062500 0.062500
0.093750 0.062500
0.125000 0.062500
0.156250 0.062500
0.187500 0.062500
0.218750 0.062500
0.250000 0.062500
0.281250 0.062500
0.312500 0.062500
0.343750 0.062500
0.375000 0.062500
0.406250 0.062500
0.437500 0.062500
0.468750 0.062500
0.500000 0.062500
0.531250 0.062500
0.562500 0.062500
0.593750 0.062500
0.625000 0.062500
0.656250 0.062500
0.687500 0.062500
0.718750 0.062500
0.750000 0.062500
0.781250 0.062500
0.812500 0.062500
0.843750 0.062500
0.875000 0.062500
0.906250 0.062500
0.937500 0.062500
0.968750 0.062500
1.000000 0.062500
0.000000 0.093750
0.031250 0.093750
0.062500 0.093750
0.093750 0.093750
0.125000 0.093750
0.156250 0.093750
0.187500 0.093750
0.218750 0.093750
0.250000 0.093750
0.281250 0.093750
0.312500 0.093750
0.343750 0.093750
0.375000 0.093750
0.406250 0.093750
0.437500 0.093750
0.468750 0.093750
0.500000 0.093750
0.531250 0.093750
0.562500 0.093750
0.593750 0.093750
0.625000 0.093750
0.656250 0.093750
0.687500 0.093750
0.718750 0.093750
0.750000 0.093750
0.781250 0.093750
0.812500 0.093750
0.843750 0.093750
0.875000 0.093750
0.906250 0.093750
0.937500 0.093750
0.968750 0.093750
1.000000 0.093750
0.000000 0.125000
0.031250 0.125000
0.062500 0.125000
0.093750 0.125000
0.125000 0.125000
0.156250 0.125000
0.187500 0.125000
0.218750 0.125000
0.250000 0.125000
0.281250 0.125000
0.312500 0.125000
0.343750 0.125000
0.375000 0.125000
0.406250 0.125000
0.437500 0.125000
0.468750 0.125000
0.500000 0.125000
0.531250 0.125000
0.562500 0.125000
0.593750 0.125000
0.625000 0.125000
0.656250 0.125000
0.687500 0.125000
0.718750 0.125000
0.750000 0.125000
0.781250 0.125000
0.812500 0.125000
0.843750 0.125000
0.875000 0.125000
0.906250 0.125000
0.937500 0.125000
0.968750 0.125000
1.000000 0.125000
0.000000 0.156250
0.031250 0.156250
0.062500 0.156250
0.093750 0.156250
0.125000 0.156250
0.156250 0.156250
0.187500 0.156250
0.218750 0.156250
0.250000 0.156250
0.281250 0.156250
0.312500 0.156250
0.343750 0.156250
0.375000 0.156250
0.406250 0.156250
0.437500 0.156250
0.468750 0.156250
0.500000 0.156250
0.531250 0.156250
0.562500 0.156250
0.593750 0.156250
0.625000 0.156250
0.656250 0.156250
0.687500 0.156250
0.718750 0.156250
0.750000 0.156250
0.781250 0.156250
0.812500 0.156250
0.843750 0.156250
0.875000 0.156250
0.906250 0.156250
0.937500 0.156250
0.968750 0.156250
1.000000 0.156250
0.000000 0.187500
0.031250 0.187500
0.062500 0.187500
0.093750 0.187500
0.125000 0.187500
0.156250 0.187500
0.187500 0.187500
0.218750 0.187500
0.250000 0.187500
0.281250 0.187500
0.312500 0.187500
0.343750 0.187500
0.375000 0.187500
0.406250 0.187500
0.437500 0.187500
0.468750 0.187500
0.500000 0.187500
0.531250 0.187500
0.562500 0.187500
0.593750 0.187500
0.625000 0.187500
0.656250 0.187500
0.687500 0.187500
0.718750 0.187500
0.750000 0.187500
0.781250 0.187500
0.812500 0.187500
0.843750 0.187500
0.875000 0.187500
0.906250 0.187500
0.937500 0.187500
0.968750 0.187500
1.000000 0.187500
0.000000 0.218750
0.031250 0.218750
0.062500 0.218750
0.093750 0.218750
0.125000 0.218750
0.156250 0.218750
0.187500 0.218750
0.218750 0.218750
0.250000 0.218750
0.281250 0.218750
0.312500 0.218750
0.343750 0.218750
0.375000 0.218750
0.406250 0.218750
0.437500 0.218750
0.468750 0.218750
0.500000 0.218750
0.531250 0.218750
0.562500 0.218750
0.593750 0.218750
0.625000 0.218750
0.656250 0.218750
0.687500 0.218750
0.718750 0.218750
0.750000 0.218750
0.781250 0.218750
0.812500 0.218750
0.843750 0.218750
0.875000 0.218750
0.906250 0.218750
0.937500 0.218750
0.968750 0.218750
1.000000 0.218750
0.000000 0.250000
0.031250 0.250000
0.062500 0.250000
0.093750 0.250000
0.125000 0.250000
0.156250 0.250000
0.187500 0.250000
0.218750 0.250000
0.250000 0.250000
0.281250 0.250000
0.312500 0.250000
0.343750 0.250000
0.375000 0.250000
0.406250 0.250000
0.437500 0.250000
0.468750 0.250000
0.500000 0.250000
0.531250 0.250000
0.562500 0.250000
0.593750 0.250000
0.625000 0.250000
0.656250 0.250000
0.687500 0.250000
0.718750 0.250000
0.750000 0.250000
0.781250 0.250000
0.812500 0.250000
0.843750 0.250000
0.875000 0.250000
0.906250 0.250000
0.937500 0.250000
0.968750 0.250000
1.000000 0.250000
0.000000 0.281250
0.031250 0.281250
0.062500 0.281250
0.093750 0.281250
0.125000 0.281250
0.156250 0.281250
0.187500 0.281250
0.218750 0.281250
0.250000 0.281250
0.281250 0.281250
0.312500 0.281250
0.343750 0.281250
0.375000 0.281250
0.406250 0.281250
0.437500 0.281250
0.468750 0.281250
0.500000 0.281250
0.531250 0.281250
0.562500 0.281250
0.593750 0.281250
0.625000 0.281250
0.656250 0.281250
0.687500 0.281250
0.718750 0.281250
0.750000 0.281250
0.781250 0.281250
0.812500 0.281250
0.843750 0.281250
0.875000 0.281250
0.906250 0.281250
0.937500 0.281250
0.968750 0.281250
1.000000 0.281250
0.000000 0.312500
0.031250 0.312500
0.062500 0.312500
0.093750 0.312500
0.125000 0.312500
0.156250 0.312500
0.187500 0.312500
0.218750 0.312500
0.250000 0.312500
0.281250 0.312500
0.312500 0.312500
0.343750 0.312500
0.375000 0.312500
0.406250 0.312500
0.437500 0.312500
0.468750 0.312500
0.500000 0.312500
0.531250 0.312500
0.562500 0.312500
0.593750 0.312500
0.625000 0.312500
0.656250 0.312500
0.687500 0.312500
0.718750 0.312500
0.750000 0.312500
0.781250 0.312500
0.812500 0.312500
0.843750 0.312500
0.875000 0.312500
0.906250 0.312500
0.937500 0.312500
0.968750 0.312500
1.000000 0.312500
0.000000 0.343750
0.031250 0.343750
0.062500 0.343750
0.093750 0.343750
0.125000 0.343750
0.156250 0.343750
0.187500 0.343750
0.218750 0.343750
0.250000 0.343750
0.281250 0.343750
0.312500 0.343750
0.343750 0.343750
0.375000 0.343750
0.406250 0.343750
0.437500 0.343750
0.468750 0.343750
0.500000 0.343750
0.531250 0.343750
0.562500 0.343750
0.593750 0.343750
0.625000 0.343750
0.656250 0.343750
0.687500 0.343750
0.718750 0.343750
0.750000 0.343750
0.781250 0.343750
0.812500 0.343750
0.843750 0.343750
0.875000 0.343750
0.906250 0.343750
0.937500 0.343750
0.968750 0.343750
1.000000 0.343750
0.000000 0.375000
0.031250 0.375000
0.062500 0.375000
0.093750 0.375000
0.125000 0.375000
0.156250 0.375000
0.187500 0.375000
0.218750 0.375000
0.250000 0.375000
0.281250 0.375000
0.312500 0.375000
0.343750 0.375000
0.375000 0.375000
0.406250 0.375000
0.437500 0.375000
0.468750 0.375000
0.500000 0.375000
0.531250 0.375000
0.562500 0.375000
0.593750 0.375000
0.625000 0.375000
0.656250 0.375000
0.687500 0.375000
0.718750 0.375000
0.750000 0.375000
0.781250 0.375000
0.812500 0.375000
0.843750 0.375000
0.875000 0.375000
0.906250 0.375000
0.937500 0.375000
0.968750 0.375000
1.000000 0.375000
0.000000 0.406250
0.031250 0.406250
0.062500 0.406250
0.093750 0.406250
0.125000 0.406250
0.156250 0.406250
0.187500 0.406250
0.218750 0.406250
0.250000 0.406250
0.281250 0.406250
0.312500 0.406250
0.343750 0.406250
0.375000 0.406250
0.406250 0.406250
0.437500 0.406250
0.468750 0.406250
0.500000 0.406250
0.531250 0.406250
0.562500 0.406250
0.593750 0.406250
0.625000 0.406250
0.656250 0.406250
0.687500 0.406250
0.718750 0.406250
0.750000 0.406250
0.781250 0.406250
0.812500 0.406250
0.843750 0.406250
0.875000 0.406250
0.906250 0.406250
0.937500 0.406250
0.968750 0.406250
1.000000 0.406250
0.000000 0.437500
0.031250 0.437500
0.062500 0.437500
0.093750 0.437500
0.125000 0.437500
0.156250 0.437500
0.187500 0.437500
0.218750 0.437500
0.250000 0.437500
0.281250 0.437500
0.312500 0.437500
0.343750 0.437500
0.375000 0.437500
0.406250 0.437500
0.437500 0.437500
0.468750 0.437500
0.500000 0.437500
0.531250 0.437500
0.562500 0.437500
0.593750 0.437500
0.625000 0.437500
0.656250 0.437500
0.687500 0.437500
0.718750 0.437500
0.750000 0.437500
0.781250 0.437500
0.812500 0.437500
0.843750 0.437500
0.875000 0.437500
0.906250 0.437500
0.937500 0.437500
0.968750 0.437500
1.000000 0.437500
0.000000 0.468750
0.031250 0.468750
0.062500 0.468750
0.093750 0.468750
0.125000 0.468750
0.156250 0.468750
0.187500 0.468750
0.218750 0.468750
0.250000 0.468750
0.281250 0.468750
0.312500 0.468750
0.343750 0.468750
0.375000 0.468750
0.406250 0.468750
0.437500 0.468750
0.468750 0.468750
0.500000 0.468750
0.531250 0.468750
0.562500 0.468750
0.593750 0.468750
0.625000 0.468750
0.656250 0.468750
0.687500 0.468750
0.718750 0.468750
0.750000 0.468750
0.781250 0.468750
0.812500 0.468750
0.843750 0.468750
0.875000 0.468750
0.906250 0.468750
0.937500 0.468750
0.968750 0.468750
1.000000 0.468750
0.000000 0.500000
0.031250 0.500000
0.062500 0.500000
0.093750 0.500000
0.125000 0.500000
0.156250 0.500000
0.187500 0.500000
0.218750 0.500000
0.250000 0.500000
0.281250 0.500000
0.312500 0.500000
0.343750 0.500000
0.375000 0.500000
0.406250 0.500000
0.437500 0.500000
0.468750 0.500000
0.500000 0.500000
0.531250 0.500000
0.562500 0.500000
0.593750 0.500000
0.625000 0.500000
0.656250 0.500000
0.687500 0.500000
0.718750 0.500000
0.750000 0.500000
0.781250 0.500000
0.812500 0.500000
0.843750 0.500000
0.875000 0.500000
0.906250 0.500000
0.937500 0.500000
0.968750 0.500000
1.000000 0.500000
0.000000 0.531250
0.031250 0.531250
0.062500 0.531250
0.093750 0.531250
0.125000 0.531250
0.156250 0.531250
0.187500 0.531250
0.218750 0.531250
0.250000 0.531250
0.281250 0.531250
0.312500 0.531250
0.343750 0.531250
0.375000 0.531250
0.406250 0.531250
0.437500 0.531250
0.468750 0.531250
0.500000 0.531250
0.531250 0.531250
0.562500 0.531250
0.593750 0.531250
0.625000 0.531250
0.656250 0.531250
0.687500 0.531250
0.718750 0.531250
0.750000 0.531250
0.781250 0.531250
0.812500 0.531250
0.843750 0.531250
0.875000 0.531250
0.906250 0.531250
0.937500 0.531250
0.968750 0.531250
1.000000 0.531250
0.000000 0.562500
0.031250 0.562500
0.062500 0.562500
0.093750 0.562500
0.125000 0.562500
0.156250 0.562500
0.187500 0.562500
0.218750 0.562500
0.250000 0.562500
0.281250 0.562500
0.312500 0.562500
0.343750 0.562500
0.375000 0.562500
0.406250 0.562500
0.437500 0.562500
0.468750 0.562500
0.500000 0.562500
0.531250 0.562500
0.562500 0.562500
0.593750 0.562500
0.625000 0.562500
0.656250 0.562500
0.687500 0.562500
0.718750 0.562500
0.750000 0.562500
0.781250 0.562500
0.812500 0.562500
0.843750 0.562500
0.875000 0.562500
0.906250 0.562500
0.937500 0.562500
0.968750 0.562500
1.000000 0.562500
0.000000 0.593750
0.031250 0.593750
0.062500 0.593750
0.093750 0.593750
0.125000 0.593750
0.156250 0.593750
0.187500 0.593750
0.218750 0.593750
0.250000 0.593750
0.281250 0.593750
0.312500 0.593750
0.343750 0.593750
0.375000 0.593750
0.406250 0.593750
0.437500 0.593750
0.468750 0.593750
0.500000 0.593750
0.531250 0.593750
0.562500 0.593750
0.593750 0.593750
0.625000 0.593750
0.656250 0.593750
0.687500 0.593750
0.718750 0.593750
0.750000 0.593750
0.781250 0.593750
0.812500 0.593750
0.843750 0.593750
0.875000 0.593750
0.906250 0.593750
0.937500 0.593750
0.968750 0.593750
1.000000 0.593750
0.000000 0.625000
0.031250 0.625000
0.062500 0.625000
0.093750 0.625000
0.125000 0.625000
0.156250 0.625000
0.187500 0.625000
0.218750 0.625000
0.250000 0.625000
0.281250 0.625000
0.312500 0.625000
0.343750 0.625000
0.375000 0.625000
0.406250 0.625000
0.437500 0.625000
0.468750 0.625000
0.500000 0.625000
0.531250 0.625000
0.562500 0.625000
0.593750 0.625000
0.625000 0.625000
0.656250 0.625000
0.687500 0.625000
0.718750 0.625000
0.750000 0.625000
0.781250 0.625000
0.812500 0.625000
0.843750 0.625000
0.875000 0.625000
0.906250 0.625000
0.937500 0.625000
0.968750 0.625000
1.000000 0.625000
0.000000 0.656250
0.031250 0.656250
0.062500 0.656250
0.093750 0.656250
0.125000 0.656250
0.156250 0.656250
0.187500 0.656250
0.218750 0.656250
0.250000 0.656250
0.281250 0.656250
0.312500 0.656250
0.343750 0.656250
0.375000 0.656250
0.406250 0.656250
0.437500 0.656250
0.468750 0.656250
0.500000 0.656250
0.531250 0.656250
0.562500 0.656250
0.593750 0.656250
0.625000 0.656250
0.656250 0.656250
0.687500 0.656250
0.718750 0.656250
0.750000 0.656250
0.781250 0.656250
0.812500 0.656250
0.843750 0.656250
0.875000 0.656250
0.906250 0.656250
0.937500 0.656250
0.968750 0.656250
1.000000 0.656250
0.000000 0.687500
0.031250 0.687500
0.062500 0.687500
0.093750 0.687500
0.125000 0.687500
0.156250 0.687500
0.187500 0.687500
0.218750 0.687500
0.250000 0.687500
0.281250 0.687500
0.312500 0.687500
0.343750 0.687500
0.375000 0.687500
0.406250 0.687500
0.437500 0.687500
0.468750 0.687500
0.500000 0.687500
0.531250 0.687500
0.562500 0.687500
0.593750 0.687500
0.625000 0.687500
0.656250 0.687500
0.687500 0.687500
0.718750 0.687500
0.750000 0.687500
0.781250 0.687500
0.812500 0.687500
0.843750 0.687500
0.875000 0.687500
0.906250 0.687500
0.937500 0.687500
0.968750 0.687500
1.000000 0.687500
0.000000 0.718750
0.031250 0.718750
0.062500 0.718750
0.093750 0.718750
0.125000 0.718750
0.156250 0.718750
0.187500 0.718750
0.218750 0.718750
0.250000 0.718750
0.281250 0.718750
0.312500 0.718750
0.343750 0.718750
0.375000 0.718750
0.406250 0.718750
0.437500 0.718750
0.468750 0.718750
0.500000 0.718750
0.531250 0.718750
0.562500 0.718750
0.593750 0.718750
0.625000 0.718750
0.656250 0.718750
0.687500 0.718750
0.718750 0.718750
0.750000 0.718750
0.781250 0.718750
0.812500 0.718750
0.843750 0.718750
0.875000 0.718750
0.906250 0.718750
0.937500 0.718750
0.968750 0.718750
1.000000 0.718750
0.000000 0.750000
0.031250 0.750000
0.062500 0.750000
0.093750 0.750000
0.125000 0.750000
0.156250 0.750000
0.187500 0.750000
0.218750 0.750000
0.250000 0.750000
0.281250 0.750000
0.312500 0.750000
0.343750 0.750000
0.375000 0.750000
0.406250 0.750000
0.437500 0.750000
0.468750 0.750000
0.500000 0.750000
0.531250 0.750000
0.562500 0.750000
0.593750 0.750000
0.625000 0.750000
0.656250 0.750000
0.687500 0.750000
0.718750 0.750000
0.750000 0.750000
0.781250 0.750000
0.812500 0.750000
0.843750 0.750000
0.875000 0.750000
0.906250 0.750000
0.937500 0.750000
0.968750 0.750000
1.000000 0.750000
0.000000 0.781250
0.031250 0.781250
0.062500 0.781250
0.093750 0.781250
0.125000 0.781250
0.156250 0.781250
0.187500 0.781250
0.218750 0.781250
0.250000 0.781250
0.281250 0.781250
0.312500 0.781250
0.343750 0.781250
0.375000 0.781250
0.406250 0.781250
0.437500 0.781250
0.468750 0.781250
0.500000 0.781250
0.531250 0.781250
0.562500 0.781250
0.593750 0.781250
0.625000 0.781250
0.656250 0.781250
0.687500 0.781250
0.718750 0.781250
0.750000 0.781250
0.781250 0.781250
0.812500 0.781250
0.843750 0.781250
0.875000 0.781250
0.906250 0.781250
0.937500 0.781250
0.968750 0.781250
1.000000 0.781250
0.000000 0.812500
0.031250 0.812500
0.062500 0.812500
0.093750 0.812500
0.125000 0.812500
0.156250 0.812500
0.187500 0.812500
0.218750 0.812500
0.250000 0.812500
0.281250 0.812500
0.312500 0.812500
0.343750 0.812500
0.375000 0.812500
0.406250 0.812500
0.437500 0.812500
0.468750 0.812500
0.500000 0.812500
0.531250 0.812500
0.562500 0.812500
0.593750 0.812500
0.625000 0.812500
0.656250 0.812500
0.687500 0.812500
0.718750 0.812500
0.750000 0.812500
0.781250 0.812500
0.812500 0.812500
0.843750 0.812500
0.875000 0.812500
0.906250 0.812500
0.937500 0.812500
0.968750 0.812500
1.000000 0.812500
0.000000 0.843750
0.031250 0.843750
0.062500 0.843750
0.093750 0.843750
0.125000 0.843750
0.156250 0.843750
0.187500 0.843750
0.218750 0.843750
0.250000 0.843750
0.281250 0.843750
0.312500 0.843750
0.343750 0.843750
0.375000 0.843750
0.406250 0.843750
0.437500 0.843750
0.468750 0.843750
0.500000 0.843750
0.531250 0.843750
0.562500 0.843750
0.593750 0.843750
0.625000 0.843750
0.656250 0.843750
0.687500 0.843750
0.718750 0.843750
0.750000 0.843750
0.781250 0.843750
0.812500 0.843750
0.843750 0.843750
0.875000 0.843750
0.906250 0.843750
0.937500 0.843750
0.968750 0.843750
1.000000 0.843750
0.000000 0.875000
0.031250 0.875000
0.062500 0.875000
0.093750 0.875000
0.125000 0.875000
0.156250 0.875000
0.187500 0.875000
0.218750 0.875000
0.250000 0.875000
0.281250 0.875000
0.312500 0.875000
0.343750 0.875000
0.375000 0.875000
0.406250 0.875000
0.437500 0.875000
0.468750 0.875000
0.500000 0.875000
0.531250 0.875000
0.562500 0.875000
0.593750 0.875000
0.625000 0.875000
0.656250 0.875000
0.687500 0.875000
0.718750 0.875000
0.750000 0.875000
0.781250 0.875000
0.812500 0.875000
0.843750 0.875000
0.875000 0.875000
0.906250 0.875000
0.937500 0.875000
0.968750 0.875000
1.000000 0.875000
0.000000 0.906250
0.031250 0.906250
0.062500 0.906250
0.093750 0.906250
0.125000 0.906250
0.156250 0.906250
0.187500 0.906250
0.218750 0.906250
0.250000 0.906250
0.281250 0.906250
0.312500 0.906250
0.343750 0.906250
0.375000 0.906250
0.406250 0.906250
0.437500 0.906250
0.468750 0.906250
0.500000 0.906250
0.531250 0.906250
0.562500 0.906250
0.593750 0.906250
0.625000 0.906250
0.656250 0.906250
0.687500 0.906250
0.718750 0.906250
0.750000 0.906250
0.781250 0.906250
0.812500 0.906250
0.843750 0.906250
0.875000 0.906250
0.906250 0.906250
0.937500 0.906250
0.968750 0.906250
1.000000 0.906250
0.000000 0.937500
0.031250 0.937500
0.062500 0.937500
0.093750 0.937500
0.125000 0.937500
0.156250 0.937500
0.187500 0.937500
0.218750 0.937500
0.250000 0.937500
0.281250 0.937500
0.312500 0.937500
0.343750 0.937500
0.375000 0.937500
0.406250 0.937500
0.437500 0.937500
0.468750 0.937500
0.500000 0.937500
0.531250 0.937500
0.562500 0.937500
0.593750 0.937500
0.625000 0.937500
0.656250 0.937500
0.687500 0.937500
0.718750 0.937500
0.750000 0.937500
0.781250 0.937500
0.812500 0.937500
0.843750 0.937500
0.875000 0.937500
0.906250 0.937500
0.937500 0.937500
0.968750 0.937500
1.000000 0.937500
0.000000 0.968750
0.031250 0.968750
0.062500 0.968750
0.093750 0.968750
0.125000 0.968750
0.156250 0.968750
0.187500 0.968750
0.218750 0.968750
0.250000 0.968750
0.281250 0.968750
0.312500 0.968750
0.343750 0.968750
0.375000 0.968750
0.406250 0.968750
0.437500 0.968750
0.468750 0.968750
0.500000 0.968750
0.531250 0.968750
0.562500 0.968750
0.593750 0.968750
0.625000 0.968750
0.656250 0.968750
0.687500 0.968750
0.718750 0.968750
0.750000 0.968750
0.781250 0.968750
0.812500 0.968750
0.843750 0.968750
0.875000 0.968750
0.906250 0.968750
0.937500 0.968750
0.968750 0.968750
1.000000 0.968750
0.000000 1.000000
0.031250 1.000000
0.062500 1.000000
0.093750 1.000000
0.125000 1.000000
0.156250 1.000000
0.187500 1.000000
0.218750 1.000000
0.250000 1.000000
0.281250 1.000000
0.312500 1.000000
0.343750 1.000000
0.375000 1.000000
0.406250 1.000000
0.437500 1.000000
0.468750 1.000000
0.500000 1.000000
0.531250 1.000000
0.562500 1.000000
0.593750 1.000000
0.625000 1.000000
0.656250 1.000000
0.687500 1.000000
0.718750 1.000000
0.750000 1.000000
0.781250 1.000000
0.812500 1.000000
0.843750 1.000000
0.875000 1.000000
0.906250 1.000000
0.937500 1.000000
0.968750 1.000000
1.000000 1.000000
2048 2 3 3
2 34 1 0 4 1 
34 2 35 0 0 0 
3 35 2 0 0 1 
35 3 36 0 0 0 
4 36 3 0 0 1 
36 4 37 0 0 0 
5 37 4 0 0 1 
37 5 38 0 0 0 
6 38 5 0 0 1 
38 6 39 0 0 0 
7 39 6 0 0 1 
39 7 40 0 0 0 
8 40 7 0 0 1 
40 8 41 0 0 0 
9 41 8 0 0 1 
41 9 42 0 0 0 
10 42 9 0 0 1 
42 10 43 0 0 0 
11 43 10 0 0 1 
43 11 44 0 0 0 
12 44 11 0 0 1 
44 12 45 0 0 0 
13 45 12 0 0 1 
45 13 46 0 0 0 
14 46 13 0 0 1 
46 14 47 0 0 0 
15 47 14 0 0 1 
47 15 48 0 0 0 
16 48 15 0 0 1 
48 16 49 0 0 0 
17 49 16 0 0 1 
49 17 50 0 0 0 
18 50 17 0 0 1 
50 18 51 0 0 0 
19 51 18 0 0 1 
51 19 52 0 0 0 
20 52 19 0 0 1 
52 20 53 0 0 0 
21 53 20 0 0 1 
53 21 54 0 0 0 
22 54 21 0 0 1 
54 22 55 0 0 0 
23 55 22 0 0 1 
55 23 56 0 0 0 
24 56 23 0 0 1 
56 24 57 0 0 0 
25 57 24 0 0 1 
57 25 58 0 0 0 
26 58 25 0 0 1 
58 26 59 0 0 0 
27 59 26 0 0 1 
59 27 60 0 0 0 
28 60 27 0 0 1 
60 28 61 0 0 0 
29 61 28 0 0 1 
61 29 62 0 0 0 
30 62 29 0 0 1 
62 30 63 0 0 0 
31 63 30 0 0 1 
63 31 64 0 0 0 
32 64 31 0 0 1 
64 32 65 0 0 0 
33 65 32 0 0 1 
65 33 66 0 2 0 
35 67 34 0 4 0 
67 35 68 0 0 0 
36 68 35 0 0 0 
68 36 69 0 0 0 
37 69 36 0 0 0 
69 37 70 0 0 0 
38 70 37 0 0 0 
70 38 71 0 0 0 
39 71 38 0 0 0 
71 39 72 0 0 0 
40 72 39 0 0 0 
72 40 73 0 0 0 
41 73 40 0 0 0 
73 41 74 0 0 0 
42 74 41 0 0 0 
74 42 75 0 0 0 
43 75 42 0 0 0 
75 43 76 0 0 0 
44 76 43 0 0 0 
76 44 77 0 0 0 
45 77 44 0 0 0 
77 45 78 0 0 0 
46 78 45 0 0 0 
78 46 79 0 0 0 
47 79 46 0 0 0 
79 47 80 0 0 0 
48 80 47 0 0 0 
80 48 81 0 0 0 
49 81 48 0 0 0 
81 49 82 0 0 0 
50 82 49 0 0 0 
82 50 83 0 0 0 
51 83 50 0 0 0 
83 51 84 0 0 0 
52 84 51 0 0 0 
84 52 85 0 0 0 
53 85 52 0 0 0 
85 53 86 0 0 0 
54 86 53 0 0 0 
86 54 87 0 0 0 
55 87 54 0 0 0 
87 55 88 0 0 0 
56 88 55 0 0 0 
88 56 89 0 0 0 
57 89 56 0 0 0 
89 57 90 0 0 0 
58 90 57 0 0 0 
90 58 91 0 0 0 
59 91 58 0 0 0 
91 59 92 0 0 0 
60 92 59 0 0 0 
92 60 93 0 0 0 
61 93 60 0 0 0 
93 61 94 0 0 0 
62 94 61 0 0 0 
94 62 95 0 0 0 
63 95 62 0 0 0 
95 63 96 0 0 0 
64 96 63 0 0 0 
96 64 97 0 0 0 
65 97 64 0 0 0 
97 65 98 0 0 0 
66 98 65 0 0 0 
98 66 99 0 2 0 
68 100 67 0 4 0 
100 68 101 0 0 0 
69 101 68 0 0 0 
101 69 102 0 0 0 
70 102 69 0 0 0 
102 70 103 0 0 0 
71 103 70 0 0 0 
103 71 104 0 0 0 
72 104 71 0 0 0 
104 72 105 0 0 0 
73 105 72 0 0 0 
105 73 106 0 0 0 
74 106 73 0 0 0 
106 74 107 0 0 0 
75 107 74 0 0 0 
107 75 108 0 0 0 
76 108 75 0 0 0 
108 76 109 0 0 0 
77 109 76 0 0 0 
109 77 110 0 0 0 
78 110 77 0 0 0 
110 78 111 0 0 0 
79 111 78 0 0 0 
111 79 112 0 0 0 
80 112 79 0 0 0 
112 80 113 0 0 0 
81 113 80 0 0 0 
113 81 114 0 0 0 
82 114 81 0 0 0 
114 82 115 0 0 0 
83 115 82 0 0 0 
115 83 116 0 0 0 
84 116 83 0 0 0 
116 84 117 0 0 0 
85 117 84 0 0 0 
117 85 118 0 0 0 
86 118 85 0 0 0 
118 86 119 0 0 0 
87 119 86 0 0 0 
119 87 120 0 0 0 
88 120 87 0 0 0 
120 88 121 0 0 0 
89 121 88 0 0 0 
121 89 122 0 0 0 
90 122 89 0 0 0 
122 90 123 0 0 0 
91 123 90 0 0 0 
123 91 124 0 0 0 
92 124 91 0 0 0 
124 92 125 0 0 0 
93 125 92 0 0 0 
125 93 126 0 0 0 
94 126 93 0 0 0 
126 94 127 0 0 0 
95 127 94 0 0 0 
127 95 128 0 0 0 
96 128 95 0 0 0 
128 96 129 0 0 0 
97 129 96 0 0 0 
129 97 130 0 0 0 
98 130 97 0 0 0 
130 98 131 0 0 0 
99 131 98 0 0 0 
131 99 132 0 2 0 
101 133 100 0 4 0 
133 101 134 0 0 0 
102 134 101 0 0 0 
134 102 135 0 0 0 
103 135 102 0 0 0 
135 103 136 0 0 0 
104 136 103 0 0 0 
136 104 137 0 0 0 
105 137 104 0 0 0 
137 105 138 0 0 0 
106 138 105 0 0 0 
138 106 139 0 0 0 
107 139 106 0 0 0 
139 107 140 0 0 0 
108 140 107 0 0 0 
140 108 141 0 0 0 
109 141 108 0 0 0 
141 109 142 0 0 0 
110 142 109 0 0 0 
142 110 143 0 0 0 
111 143 110 0 0 0 
143 111 144 0 0 0 
112 144 111 0 0 0 
144 112 145 0 0 0 
113 145 112 0 0 0 
145 113 146 0 0 0 
114 146 113 0 0 0 
146 114 147 0 0 0 
115 147 114 0 0 0 
147 115 148 0 0 0 
116 148 115 0 0 0 
148 116 149 0 0 0 
117 149 116 0 0 0 
149 117 150 0 0 0 
118 150 117 0 0 0 
150 118 151 0 0 0 
119 151 118 0 0 0 
151 119 152 0 0 0 
120 152 119 0 0 0 
152 120 153 0 0 0 
121 153 120 0 0 0 
153 121 154 0 0 0 
122 154 121 0 0 0 
154 122 155 0 0 0 
123 155 122 0 0 0 
155 123 156 0 0 0 
124 156 123 0 0 0 
156 124 157 0 0 0 
125 157 124 0 0 0 
157 125 158 0 0 0 
126 158 125 0 0 0 
158 126 159 0 0 0 
127 159 126 0 0 0 
159 127 160 0 0 0 
128 160 127 0 0 0 
160 128 161 0 0 0 
129 161 128 0 0 0 
161 129 162 0 0 0 
130 162 129 0 0 0 
162 130 163 0 0 0 
131 163 130 0 0 0 
163 131 164 0 0 0 
132 164 131 0 0 0 
164 132 165 0 2 0 
134 166 133 0 4 0 
166 134 167 0 0 0 
135 167 134 0 0 0 
167 135 168 0 0 0 
136 168 135 0 0 0 
168 136 169 0 0 0 
137 169 136 0 0 0 
169 137 170 0 0 0 
138 170 137 0 0 0 
170 138 171 0 0 0 
139 171 138 0 0 0 
171 139 172 0 0 0 
140 172 139 0 0 0 
172 140 173 0 0 0 
141 173 140 0 0 0 
173 141 174 0 0 0 
142 174 141 0 0 0 
174 142 175 0 0 0 
143 175 142 0 0 0 
175 143 176 0 0 0 
144 176 143 0 0 0 
176 144 177 0 0 0 
145 177 144 0 0 0 
177 145 178 0 0 0 
146 178 145 0 0 0 
178 146 179 0 0 0 
147 179 146 0 0 0 
179 147 180 0 0 0 
148 180 147 0 0 0 
180 148 181 0 0 0 
149 181 148 0 0 0 
181 149 182 0 0 0 
150 182 149 0 0 0 
182 150 183 0 0 0 
151 183 150 0 0 0 
183 151 184 0 0 0 
152 184 151 0 0 0 
184 152 185 0 0 0 
153 185 152 0 0 0 
185 153 186 0 0 0 
154 186 153 0 0 0 
186 154 187 0 0 0 
155 187 154 0 0 0 
187 155 188 0 0 0 
156 188 155 0 0 0 
188 156 189 0 0 0 
157 189 156 0 0 0 
189 157 190 0 0 0 
158 190 157 0 0 0 
190 158 191 0 0 0 
159 191 158 0 0 0 
191 159 192 0 0 0 
160 192 159 0 0 0 
192 160 193 0 0 0 
161 193 160 0 0 0 
193 161 194 0 0 0 
162 194 161 0 0 0 
194 162 195 0 0 0 
163 195 162 0 0 0 
195 163 196 0 0 0 
164 196 163 0 0 0 
196 164 197 0 0 0 
165 197 164 0 0 0 
197 165 198 0 2 0 
167 199 166 0 4 0 
199 167 200 0 0 0 
168 200 167 0 0 0 
200 168 201 0 0 0 
169 201 168 0 0 0 
201 169 202 0 0 0 
170 202 169 0 0 0 
202 170 203 0 0 0 
171 203 170 0 0 0 
203 171 204 0 0 0 
172 204 171 0 0 0 
204 172 205 0 0 0 
173 205 172 0 0 0 
205 173 206 0 0 0 
174 206 173 0 0 0 
206 174 207 0 0 0 
175 207 174 0 0 0 
207 175 208 0 0 0 
176 208 175 0 0 0 
208 176 209 0 0 0 
177 209 176 0 0 0 
209 177 210 0 0 0 
178 210 177 0 0 0 
210 178 211 0 0 0 
179 211 178 0 0 0 
211 179 212 0 0 0 
180 212 179 0 0 0 
212 180 213 0 0 0 
181 213 180 0 0 0 
213 181 214 0 0 0 
182 214 181 0 0 0 
214 182 215 0 0 0 
183 215 182 0 0 0 
215 183 216 0 0 0 
184 216 183 0 0 0 
216 184 217 0 0 0 
185 217 184 0 0 0 
217 185 218 0 0 0 
186 218 185 0 0 0 
218 186 219 0 0 0 
187 219 186 0 0 0 
219 187 220 0 0 0 
188 220 187 0 0 0 
220 188 221 0 0 0 
189 221 188 0 0 0 
221 189 222 0 0 0 
190 222 189 0 0 0 
222 190 223 0 0 0 
191 223 190 0 0 0 
223 191 224 0 0 0 
192 224 191 0 0 0 
224 192 225 0 0 0 
193 225 192 0 0 0 
225 193 226 0 0 0 
194 226 193 0 0 0 
226 194 227 0 0 0 
195 227 194 0 0 0 
227 195 228 0 0 0 
196 228 195 0 0 0 
228 196 229 0 0 0 
197 229 196 0 0 0 
229 197 230 0 0 0 
198 230 197 0 0 0 
230 198 231 0 2 0 
200 232 199 0 4 0 
232 200 233 0 0 0 
201 233 200 0 0 0 
233 201 234 0 0 0 
202 234 201 0 0 0 
234 202 235 0 0 0 
203 235 202 0 0 0 
235 203 236 0 0 0 
204 236 203 0 0 0 
236 204 237 0 0 0 
205 237 204 0 0 0 
237 205 238 0 0 0 
206 238 205 0 0 0 
238 206 239 0 0 0 
207 239 206 0 0 0 
239 207 240 0 0 0 
208 240 207 0 0 0 
240 208 241 0 0 0 
209 241 208 0 0 0 
241 209 242 0 0 0 
210 242 209 0 0 0 
242 210 243 0 0 0 
211 243 210 0 0 0 
243 211 244 0 0 0 
212 244 211 0 0 0 
244 212 245 0 0 0 
213 245 212 0 0 0 
245 213 246 0 0 0 
214 246 213 0 0 0 
246 214 247 0 0 0 
215 247 214 0 0 0 
247 215 248 0 0 0 
216 248 215 0 0 0 
248 216 249 0 0 0 
217 249 216 0 0 0 
249 217 250 0 0 0 
218 250 217 0 0 0 
250 218 251 0 0 0 
219 251 218 0 0 0 
251 219 252 0 0 0 
220 252 219 0 0 0 
252 220 253 0 0 0 
221 253 220 0 0 0 
253 221 254 0 0 0 
222 254 221 0 0 0 
254 222 255 0 0 0 
223 255 222 0 0 0 
255 223 256 0 0 0 
224 256 223 0 0 0 
256 224 257 0 0 0 
225 257 224 0 0 0 
257 225 258 0 0 0 
226 258 225 0 0 0 
258 226 259 0 0 0 
227 259 226 0 0 0 
259 227 260 0 0 0 
228 260 227 0 0 0 
260 228 261 0 0 0 
229 261 228 0 0 0 
261 229 262 0 0 0 
230 262 229 0 0 0 
262 230 263 0 0 0 
231 263 230 0 0 0 
263 231 264 0 2 0 
233 265 232 0 4 0 
265 233 266 0 0 0 
234 266 233 0 0 0 
266 234 267 0 0 0 
235 267 234 0 0 0 
267 235 268 0 0 0 
236 268 235 0 0 0 
268 236 269 0 0 0 
237 269 236 0 0 0 
269 237 270 0 0 0 
238 270 237 0 0 0 
270 238 271 0 0 0 
239 271 238 0 0 0 
271 239 272 0 0 0 
240 272 239 0 0 0 
272 240 273 0 0 0 
241 273 240 0 0 0 
273 241 274 0 0 0 
242 274 241 0 0 0 
274 242 275 0 0 0 
243 275 242 0 0 0 
275 243 276 0 0 0 
244 276 243 0 0 0 
276 244 277 0 0 0 
245 277 244 0 0 0 
277 245 278 0 0 0 
246 278 245 0 0 0 
278 246 279 0 0 0 
247 279 246 0 0 0 
279 247 280 0 0 0 
248 280 247 0 0 0 
280 248 281 0 0 0 
249 281 248 0 0 0 
281 249 282 0 0 0 
250 282 249 0 0 0 
282 250 283 0 0 0 
251 283 250 0 0 0 
283 251 284 0 0 0 
252 284 251 0 0 0 
284 252 285 0 0 0 
253 285 252 0 0 0 
285 253 286 0 0 0 
254 286 253 0 0 0 
286 254 287 0 0 0 
255 287 254 0 0 0 
287 255 288 0 0 0 
256 288 255 0 0 0 
288 256 289 0 0 0 
257 289 256 0 0 0 
289 257 290 0 0 0 
258 290 257 0 0 0 
290 258 291 0 0 0 
259 291 258 0 0 0 
291 259 292 0 0 0 
260 292 259 0 0 0 
292 260 293 0 0 0 
261 293 260 0 0 0 
293 261 294 0 0 0 
262 294 261 0 0 0 
294 262 295 0 0 0 
263 295 262 0 0 0 
295 263 296 0 0 0 
264 296 263 0 0 0 
296 264 297 0 2 0 
266 298 265 0 4 0 
298 266 299 0 0 0 
267 299 266 0 0 0 
299 267 300 0 0 0 
268 300 267 0 0 0 
300 268 301 0 0 0 
269 301 268 0 0 0 
301 269 302 0 0 0 
270 302 269 0 0 0 
302 270 303 0 0 0 
271 303 270 0 0 0 
303 271 304 0 0 0 
272 304 271 0 0 0 
304 272 305 0 0 0 
273 305 272 0 0 0 
305 273 306 0 0 0 
274 306 273 0 0 0 
306 274 307 0 0 0 
275 307 274 0 0 0 
307 275 308 0 0 0 
276 308 275 0 0 0 
308 276 309 0 0 0 
277 309 276 0 0 0 
309 277 310 0 0 0 
278 310 277 0 0 0 
310 278 311 0 0 0 
279 311 278 0 0 0 
311 279 312 0 0 0 
280 312 279 0 0 0 
312 280 313 0 0 0 
281 313 280 0 0 0 
313 281 314 0 0 0 
282 314 281 0 0 0 
314 282 315 0 0 0 
283 315 282 0 0 0 
315 283 316 0 0 0 
284 316 283 0 0 0 
316 284 317 0 0 0 
285 317 284 0 0 0 
317 285 318 0 0 0 
286 318 285 0 0 0 
318 286 319 0 0 0 
287 319 286 0 0 0 
319 287 320 0 0 0 
288 320 287 0 0 0 
320 288 321 0 0 0 
289 321 288 0 0 0 
321 289 322 0 0 0 
290 322 289 0 0 0 
322 290 323 0 0 0 
291 323 290 0 0 0 
323 291 324 0 0 0 
292 324 291 0 0 0 
324 292 325 0 0 0 
293 325 292 0 0 0 
325 293 326 0 0 0 
294 326 293 0 0 0 
326 294 327 0 0 0 
295 327 294 0 0 0 
327 295 328 0 0 0 
296 328 295 0 0 0 
328 296 329 0 0 0 
297 329 296 0 0 0 
329 297 330 0 2 0 
299 331 298 0 4 0 
331 299 332 0 0 0 
300 332 299 0 0 0 
332 300 333 0 0 0 
301 333 300 0 0 0 
333 301 334 0 0 0 
302 334 301 0 0 0 
334 302 335 0 0 0 
303 335 302 0 0 0 
335 303 336 0 0 0 
304 336 303 0 0 0 
336 304 337 0 0 0 
305 337 304 0 0 0 
337 305 338 0 0 0 
306 338 305 0 0 0 
338 306 339 0 0 0 
307 339 306 0 0 0 
339 307 340 0 0 0 
308 340 307 0 0 0 
340 308 341 0 0 0 
309 341 308 0 0 0 
341 309 342 0 0 0 
310 342 309 0 0 0 
342 310 343 0 0 0 
311 343 310 0 0 0 
343 311 344 0 0 0 
312 344 311 0 0 0 
344 312 345 0 0 0 
313 345 312 0 0 0 
345 313 346 0 0 0 
314 346 313 0 0 0 
346 314 347 0 0 0 
315 347 314 0 0 0 
347 315 348 0 0 0 
316 348 315 0 0 0 
348 316 349 0 0 0 
317 349 316 0 0 0 
349 317 350 0 0 0 
318 350 317 0 0 0 
350 318 351 0 0 0 
319 351 318 0 0 0 
351 319 352 0 0 0 
320 352 319 0 0 0 
352 320 353 0 0 0 
321 353 320 0 0 0 
353 321 354 0 0 0 
322 354 321 0 0 0 
354 322 355 0 0 0 
323 355 322 0 0 0 
355 323 356 0 0 0 
324 356 323 0 0 0 
356 324 357 0 0 0 
325 357 324 0 0 0 
357 325 358 0 0 0 
326 358 325 0 0 0 
358 326 359 0 0 0 
327 359 326 0 0 0 
359 327 360 0 0 0 
328 360 327 0 0 0 
360 328 361 0 0 0 
329 361 328 0 0 0 
361 329 362 0 0 0 
330 362 329 0 0 0 
362 330 363 0 2 0 
332 364 331 0 4 0 
364 332 365 0 0 0 
333 365 332 0 0 0 
365 333 366 0 0 0 
334 366 333 0 0 0 
366 334 367 0 0 0 
335 367 334 0 0 0 
367 335 368 0 0 0 
336 368 335 0 0 0 
368 336 369 0 0 0 
337 369 336 0 0 0 
369 337 370 0 0 0 
338 370 337 0 0 0 
370 338 371 0 0 0 
339 371 338 0 0 0 
371 339 372 0 0 0 
340 372 339 0 0 0 
372 340 373 0 0 0 
341 373 340 0 0 0 
373 341 374 0 0 0 
342 374 341 0 0 0 
374 342 375 0 0 0 
343 375 342 0 0 0 
375 343 376 0 0 0 
344 376 343 0 0 0 
376 344 377 0 0 0 
345 377 344 0 0 0 
377 345 378 0 0 0 
346 378 345 0 0 0 
378 346 379 0 0 0 
347 379 346 0 0 0 
379 347 380 0 0 0 
348 380 347 0 0 0 
380 348 381 0 0 0 
349 381 348 0 0 0 
381 349 382 0 0 0 
350 382 349 0 0 0 
382 350 383 0 0 0 
351 383 350 0 0 0 
383 351 384 0 0 0 
352 384 351 0 0 0 
384 352 385 0 0 0 
353 385 352 0 0 0 
385 353 386 0 0 0 
354 386 353 0 0 0 
386 354 387 0 0 0 
355 387 354 0 0 0 
387 355 388 0 0 0 
356 388 355 0 0 0 
388 356 389 0 0 0 
357 389 356 0 0 0 
389 357 390 0 0 0 
358 390 357 0 0 0 
390 358 391 0 0 0 
359 391 358 0 0 0 
391 359 392 0 0 0 
360 392 359 0 0 0 
392 360 393 0 0 0 
361 393 360 0 0 0 
393 361 394 0 0 0 
362 394 361 0 0 0 
394 362 395 0 0 0 
363 395 362 0 0 0 
395 363 396 0 2 0 
365 397 364 0 4 0 
397 365 398 0 0 0 
366 398 365 0 0 0 
398 366 399 0 0 0 
367 399 366 0 0 0 
399 367 400 0 0 0 
368 400 367 0 0 0 
400 368 401 0 0 0 
369 401 368 0 0 0 
401 369 402 0 0 0 
370 402 369 0 0 0 
402 370 403 0 0 0 
371 403 370 0 0 0 
403 371 404 0 0 0 
372 404 371 0 0 0 
404 372 405 0 0 0 
373 405 372 0 0 0 
405 373 406 0 0 0 
374 406 373 0 0 0 
406 374 407 0 0 0 
375 407 374 0 0 0 
407 375 408 0 0 0 
376 408 375 0 0 0 
408 376 409 0 0 0 
377 409 376 0 0 0 
409 377 410 0 0 0 
378 410 377 0 0 0 
410 378 411 0 0 0 
379 411 378 0 0 0 
411 379 412 0 0 0 
380 412 379 0 0 0 
412 380 413 0 0 0 
381 413 380 0 0 0 
413 381 414 0 0 0 
382 414 381 0 0 0 
414 382 415 0 0 0 
383 415 382 0 0 0 
415 383 416 0 0 0 
384 416 383 0 0 0 
416 384 417 0 0 0 
385 417 384 0 0 0 
417 385 418 0 0 0 
386 418 385 0 0 0 
418 386 419 0 0 0 
387 419 386 0 0 0 
419 387 420 0 0 0 
388 420 387 0 0 0 
420 388 421 0 0 0 
389 421 388 0 0 0 
421 389 422 0 0 0 
390 422 389 0 0 0 
422 390 423 0 0 0 
391 423 390 0 0 0 
423 391 424 0 0 0 
392 424 391 0 0 0 
424 392 425 0 0 0 
393 425 392 0 0 0 
425 393 426 0 0 0 
394 426 393 0 0 0 
426 394 427 0 0 0 
395 427 394 0 0 0 
427 395 428 0 0 0 
396 428 395 0 0 0 
428 396 429 0 2 0 
398 430 397 0 4 0 
430 398 431 0 0 0 
399 431 398 0 0 0 
431 399 432 0 0 0 
400 432 399 0 0 0 
432 400 433 0 0 0 
401 433 400 0 0 0 
433 401 434 0 0 0 
402 434 401 0 0 0 
434 402 435 0 0 0 
403 435 402 0 0 0 
435 403 436 0 0 0 
404 436 403 0 0 0 
436 404 437 0 0 0 
405 437 404 0 0 0 
437 405 438 0 0 0 
406 438 405 0 0 0 
438 406 439 0 0 0 
407 439 406 0 0 0 
439 407 440 0 0 0 
408 440 407 0 0 0 
440 408 441 0 0 0 
409 441 408 0 0 0 
441 409 442 0 0 0 
410 442 409 0 0 0 
442 410 443 0 0 0 
411 443 410 0 0 0 
443 411 444 0 0 0 
412 444 411 0 0 0 
444 412 445 0 0 0 
413 445 412 0 0 0 
445 413 446 0 0 0 
414 446 413 0 0 0 
446 414 447 0 0 0 
415 447 414 0 0 0 
447 415 448 0 0 0 
416 448 415 0 0 0 
448 416 449 0 0 0 
417 449 416 0 0 0 
449 417 450 0 0 0 
418 450 417 0 0 0 
450 418 451 0 0 0 
419 451 418 0 0 0 
451 419 452 0 0 0 
420 452 419 0 0 0 
452 420 453 0 0 0 
421 453 420 0 0 0 
453 421 454 0 0 0 
422 454 421 0 0 0 
454 422 455 0 0 0 
423 455 422 0 0 0 
455 423 456 0 0 0 
424 456 423 0 0 0 
456 424 457 0 0 0 
425 457 424 0 0 0 
457 425 458 0 0 0 
426 458 425 0 0 0 
458 426 459 0 0 0 
427 459 426 0 0 0 
459 427 460 0 0 0 
428 460 427 0 0 0 
460 428 461 0 0 0 
429 461 428 0 0 0 
461 429 462 0 2 0 
431 463 430 0 4 0 
463 431 464 0 0 0 
432 464 431 0 0 0 
464 432 465 0 0 0 
433 465 432 0 0 0 
465 433 466 0 0 0 
434 466 433 0 0 0 
466 434 467 0 0 0 
435 467 434 0 0 0 
467 435 468 0 0 0 
436 468 435 0 0 0 
468 436 469 0 0 0 
437 469 436 0 0 0 
469 437 470 0 0 0 
438 470 437 0 0 0 
470 438 471 0 0 0 
439 471 438 0 0 0 
471 439 472 0 0 0 
440 472 439 0 0 0 
472 440 473 0 0 0 
441 473 440 0 0 0 
473 441 474 0 0 0 
442 474 441 0 0 0 
474 442 475 0 0 0 
443 475 442 0 0 0 
475 443 476 0 0 0 
444 476 443 0 0 0 
476 444 477 0 0 0 
445 477 444 0 0 0 
477 445 478 0 0 0 
446 478 445 0 0 0 
478 446 479 0 0 0 
447 479 446 0 0 0 
479 447 480 0 0 0 
448 480 447 0 0 0 
480 448 481 0 0 0 
449 481 448 0 0 0 
481 449 482 0 0 0 
450 482 449 0 0 0 
482 450 483 0 0 0 
451 483 450 0 0 0 
483 451 484 0 0 0 
452 484 451 0 0 0 
484 452 485 0 0 0 
453 485 452 0 0 0 
485 453 486 0 0 0 
454 486 453 0 0 0 
486 454 487 0 0 0 
455 487 454 0 0 0 
487 455 488 0 0 0 
456 488 455 0 0 0 
488 456 489 0 0 0 
457 489 456 0 0 0 
489 457 490 0 0 0 
458 490 457 0 0 0 
490 458 491 0 0 0 
459 491 458 0 0 0 
491 459 492 0 0 0 
460 492 459 0 0 0 
492 460 493 0 0 0 
461 493 460 0 0 0 
493 461 494 0 0 0 
462 494 461 0 0 0 
494 462 495 0 2 0 
464 496 463 0 4 0 
496 464 497 0 0 0 
465 497 464 0 0 0 
497 465 498 0 0 0 
466 498 465 0 0 0 
498 466 499 0 0 0 
467 499 466 0 0 0 
499 467 500 0 0 0 
468 500 467 0 0 0 
500 468 501 0 0 0 
469 501 468 0 0 0 
501 469 502 0 0 0 
470 502 469 0 0 0 
502 470 503 0 0 0 
471 503 470 0 0 0 
503 471 504 0 0 0 
472 504 471 0 0 0 
504 472 505 0 0 0 
473 505 472 0 0 0 
505 473 506 0 0 0 
474 506 473 0 0 0 
506 474 507 0 0 0 
475 507 474 0 0 0 
507 475 508 0 0 0 
476 508 475 0 0 0 
508 476 509 0 0 0 
477 509 476 0 0 0 
509 477 510 0 0 0 
478 510 477 0 0 0 
510 478 511 0 0 0 
479 511 478 0 0 0 
511 479 512 0 0 0 
480 512 479 0 0 0 
512 480 513 0 0 0 
481 513 480 0 0 0 
513 481 514 0 0 0 
482 514 481 0 0 0 
514 482 515 0 0 0 
483 515 482 0 0 0 
515 483 516 0 0 0 
484 516 483 0 0 0 
516 484 517 0 0 0 
485 517 484 0 0 0 
517 485 518 0 0 0 
486 518 485 0 0 0 
518 486 519 0 0 0 
487 519 486 0 0 0 
519 487 520 0 0 0 
488 520 487 0 0 0 
520 488 521 0 0 0 
489 521 488 0 0 0 
521 489 522 0 0 0 
490 522 489 0 0 0 
522 490 523 0 0 0 
491 523 490 0 0 0 
523 491 524 0 0 0 
492 524 491 0 0 0 
524 492 525 0 0 0 
493 525 492 0 0 0 
525 493 526 0 0 0 
494 526 493 0 0 0 
526 494 527 0 0 0 
495 527 494 0 0 0 
527 495 528 0 2 0 
497 529 496 0 4 0 
529 497 530 0 0 0 
498 530 497 0 0 0 
530 498 531 0 0 0 
499 531 498 0 0 0 
531 499 532 0 0 0 
500 532 499 0 0 0 
532 500 533 0 0 0 
501 533 500 0 0 0 
533 501 534 0 0 0 
502 534 501 0 0 0 
534 502 535 0 0 0 
503 535 502 0 0 0 
535 503 536 0 0 0 
504 536 503 0 0 0 
536 504 537 0 0 0 
505 537 504 0 0 0 
537 505 538 0 0 0 
506 538 505 0 0 0 
538 506 539 0 0 0 
507 539 506 0 0 0 
539 507 540 0 0 0 
508 540 507 0 0 0 
540 508 541 0 0 0 
509 541 508 0 0 0 
541 509 542 0 0 0 
510 542 509 0 0 0 
542 510 543 0 0 0 
511 543 510 0 0 0 
543 511 544 0 0 0 
512 544 511 0 0 0 
544 512 545 0 0 0 
513 545 512 0 0 0 
545 513 546 0 0 0 
514 546 513 0 0 0 
546 514 547 0 0 0 
515 547 514 0 0 0 
547 515 548 0 0 0 
516 548 515 0 0 0 
548 516 549 0 0 0 
517 549 516 0 0 0 
549 517 550 0 0 0 
518 550 517 0 0 0 
550 518 551 0 0 0 
519 551 518 0 0 0 
551 519 552 0 0 0 
520 552 519 0 0 0 
552 520 553 0 0 0 
521 553 520 0 0 0 
553 521 554 0 0 0 
522 554 521 0 0 0 
554 522 555 0 0 0 
523 555 522 0 0 0 
555 523 556 0 0 0 
524 556 523 0 0 0 
556 524 557 0 0 0 
525 557 524 0 0 0 
557 525 558 0 0 0 
526 558 525 0 0 0 
558 526 559 0 0 0 
527 559 526 0 0 0 
559 527 560 0 0 0 
528 560 527 0 0 0 
560 528 561 0 2 0 
530 562 529 0 4 0 
562 530 563 0 0 0 
531 563 530 0 0 0 
563 531 564 0 0 0 
532 564 531 0 0 0 
564 532 565 0 0 0 
533 565 532 0 0 0 
565 533 566 0 0 0 
534 566 533 0 0 0 
566 534 567 0 0 0 
535 567 534 0 0 0 
567 535 568 0 0 0 
536 568 535 0 0 0 
568 536 569 0 0 0 
537 569 536 0 0 0 
569 537 570 0 0 0 
538 570 537 0 0 0 
570 538 571 0 0 0 
539 571 538 0 0 0 
571 539 572 0 0 0 
540 572 539 0 0 0 
572 540 573 0 0 0 
541 573 540 0 0 0 
573 541 574 0 0 0 
542 574 541 0 0 0 
574 542 575 0 0 0 
543 575 542 0 0 0 
575 543 576 0 0 0 
544 576 543 0 0 0 
576 544 577 0 0 0 
545 577 544 0 0 0 
577 545 578 0 0 0 
546 578 545 0 0 0 
578 546 579 0 0 0 
547 579 546 0 0 0 
579 547 580 0 0 0 
548 580 547 0 0 0 
580 548 581 0 0 0 
549 581 548 0 0 0 
581 549 582 0 0 0 
550 582 549 0 0 0 
582 550 583 0 0 0 
551 583 550 0 0 0 
583 551 584 0 0 0 
552 584 551 0 0 0 
584 552 585 0 0 0 
553 585 552 0 0 0 
585 553 586 0 0 0 
554 586 553 0 0 0 
586 554 587 0 0 0 
555 587 554 0 0 0 
587 555 588 0 0 0 
556 588 555 0 0 0 
588 556 589 0 0 0 
557 589 556 0 0 0 
589 557 590 0 0 0 
558 590 557 0 0 0 
590 558 591 0 0 0 
559 591 558 0 0 0 
591 559 592 0 0 0 
560 592 559 0 0 0 
592 560 593 0 0 0 
561 593 560 0 0 0 
593 561 594 0 2 0 
563 595 562 0 4 0 
595 563 596 0 0 0 
564 596 563 0 0 0 
596 564 597 0 0 0 
565 597 564 0 0 0 
597 565 598 0 0 0 
566 598 565 0 0 0 
598 566 599 0 0 0 
567 599 566 0 0 0 
599 567 600 0 0 0 
568 600 567 0 0 0 
600 568 601 0 0 0 
569 601 568 0 0 0 
601 569 602 0 0 0 
570 602 569 0 0 0 
602 570 603 0 0 0 
571 603 570 0 0 0 
603 571 604 0 0 0 
572 604 571 0 0 0 
604 572 605 0 0 0 
573 605 572 0 0 0 
605 573 606 0 0 0 
574 606 573 0 0 0 
606 574 607 0 0 0 
575 607 574 0 0 0 
607 575 608 0 0 0 
576 608 575 0 0 0 
608 576 609 0 0 0 
577 609 576 0 0 0 
609 577 610 0 0 0 
578 610 577 0 0 0 
610 578 611 0 0 0 
579 611 578 0 0 0 
611 579 612 0 0 0 
580 612 579 0 0 0 
612 580 613 0 0 0 
581 613 580 0 0 0 
613 581 614 0 0 0 
582 614 581 0 0 0 
614 582 615 0 0 0 
583 615 582 0 0 0 
615 583 616 0 0 0 
584 616 583 0 0 0 
616 584 617 0 0 0 
585 617 584 0 0 0 
617 585 618 0 0 0 
586 618 585 0 0 0 
618 586 619 0 0 0 
587 619 586 0 0 0 
619 587 620 0 0 0 
588 620 587 0 0 0 
620 588 621 0 0 0 
589 621 588 0 0 0 
621 589 622 0 0 0 
590 622 589 0 0 0 
622 590 623 0 0 0 
591 623 590 0 0 0 
623 591 624 0 0 0 
592 624 591 0 0 0 
624 592 625 0 0 0 
593 625 592 0 0 0 
625 593 626 0 0 0 
594 626 593 0 0 0 
626 594 627 0 2 0 
596 628 595 0 4 0 
628 596 629 0 0 0 
597 629 596 0 0 0 
629 597 630 0 0 0 
598 630 597 0 0 0 
630 598 631 0 0 0 
599 631 598 0 0 0 
631 599 632 0 0 0 
600 632 599 0 0 0 
632 600 633 0 0 0 
601 633 600 0 0 0 
633 601 634 0 0 0 
602 634 601 0 0 0 
634 602 635 0 0 0 
603 635 602 0 0 0 
635 603 636 0 0 0 
604 636 603 0 0 0 
636 604 637 0 0 0 
605 637 604 0 0 0 
637 605 638 0 0 0 
606 638 605 0 0 0 
638 606 639 0 0 0 
607 639 606 0 0 0 
639 607 640 0 0 0 
608 640 607 0 0 0 
640 608 641 0 0 0 
609 641 608 0 0 0 
641 609 642 0 0 0 
610 642 609 0 0 0 
642 610 643 0 0 0 
611 643 610 0 0 0 
643 611 644 0 0 0 
612 644 611 0 0 0 
644 612 645 0 0 0 
613 645 612 0 0 0 
645 613 646 0 0 0 
614 646 613 0 0 0 
646 614 647 0 0 0 
615 647 614 0 0 0 
647 615 648 0 0 0 
616 648 615 0 0 0 
648 616 649 0 0 0 
617 649 616 0 0 0 
649 617 650 0 0 0 
618 650 617 0 0 0 
650 618 651 0 0 0 
619 651 618 0 0 0 
651 619 652 0 0 0 
620 652 619 0 0 0 
652 620 653 0 0 0 
621 653 620 0 0 0 
653 621 654 0 0 0 
622 654 621 0 0 0 
654 622 655 0 0 0 
623 655 622 0 0 0 
655 623 656 0 0 0 
624 656 623 0 0 0 
656 624 657 0 0 0 
625 657 624 0 0 0 
657 625 658 0 0 0 
626 658 625 0 0 0 
658 626 659 0 0 0 
627 659 626 0 0 0 
659 627 660 0 2 0 
629 661 628 0 4 0 
661 629 662 0 0 0 
630 662 629 0 0 0 
662 630 663 0 0 0 
631 663 630 0 0 0 
663 631 664 0 0 0 
632 664 631 0 0 0 
664 632 665 0 0 0 
633 665 632 0 0 0 
665 633 666 0 0 0 
634 666 633 0 0 0 
666 634 667 0 0 0 
635 667 634 0 0 0 
667 635 668 0 0 0 
636 668 635 0 0 0 
668 636 669 0 0 0 
637 669 636 0 0 0 
669 637 670 0 0 0 
638 670 637 0 0 0 
670 638 671 0 0 0 
639 671 638 0 0 0 
671 639 672 0 0 0 
640 672 639 0 0 0 
672 640 673 0 0 0 
641 673 640 0 0 0 
673 641 674 0 0 0 
642 674 641 0 0 0 
674 642 675 0 0 0 
643 675 642 0 0 0 
675 643 676 0 0 0 
644 676 643 0 0 0 
676 644 677 0 0 0 
645 677 644 0 0 0 
677 645 678 0 0 0 
646 678 645 0 0 0 
678 646 679 0 0 0 
647 679 646 0 0 0 
679 647 680 0 0 0 
648 680 647 0 0 0 
680 648 681 0 0 0 
649 681 648 0 0 0 
681 649 682 0 0 0 
650 682 649 0 0 0 
682 650 683 0 0 0 
651 683 650 0 0 0 
683 651 684 0 0 0 
652 684 651 0 0 0 
684 652 685 0 0 0 
653 685 652 0 0 0 
685 653 686 0 0 0 
654 686 653 0 0 0 
686 654 687 0 0 0 
655 687 654 0 0 0 
687 655 688 0 0 0 
656 688 655 0 0 0 
688 656 689 0 0 0 
657 689 656 0 0 0 
689 657 690 0 0 0 
658 690 657 0 0 0 
690 658 691 0 0 0 
659 691 658 0 0 0 
691 659 692 0 0 0 
660 692 659 0 0 0 
692 660 693 0 2 0 
662 694 661 0 4 0 
694 662 695 0 0 0 
663 695 662 0 0 0 
695 663 696 0 0 0 
664 696 663 0 0 0 
696 664 697 0 0 0 
665 697 664 0 0 0 
697 665 698 0 0 0 
666 698 665 0 0 0 
698 666 699 0 0 0 
667 699 666 0 0 0 
699 667 700 0 0 0 
668 700 667 0 0 0 
700 668 701 0 0 0 
669 701 668 0 0 0 
701 669 702 0 0 0 
670 702 669 0 0 0 
702 670 703 0 0 0 
671 703 670 0 0 0 
703 671 704 0 0 0 
672 704 671 0 0 0 
704 672 705 0 0 0 
673 705 672 0 0 0 
705 673 706 0 0 0 
674 706 673 0 0 0 
706 674 707 0 0 0 
675 707 674 0 0 0 
707 675 708 0 0 0 
676 708 675 0 0 0 
708 676 709 0 0 0 
677 709 676 0 0 0 
709 677 710 0 0 0 
678 710 677 0 0 0 
710 678 711 0 0 0 
679 711 678 0 0 0 
711 679 712 0 0 0 
680 712 679 0 0 0 
712 680 713 0 0 0 
681 713 680 0 0 0 
713 681 714 0 0 0 
682 714 681 0 0 0 
714 682 715 0 0 0 
683 715 682 0 0 0 
715 683 716 0 0 0 
684 716 683 0 0 0 
716 684 717 0 0 0 
685 717 684 0 0 0 
717 685 718 0 0 0 
686 718 685 0 0 0 
718 686 719 0 0 0 
687 719 686 0 0 0 
719 687 720 0 0 0 
688 720 687 0 0 0 
720 688 721 0 0 0 
689 721 688 0 0 0 
721 689 722 0 0 0 
690 722 689 0 0 0 
722 690 723 0 0 0 
691 723 690 0 0 0 
723 691 724 0 0 0 
692 724 691 0 0 0 
724 692 725 0 0 0 
693 725 692 0 0 0 
725 693 726 0 2 0 
695 727 694 0 4 0 
727 695 728 0 0 0 
696 728 695 0 0 0 
728 696 729 0 0 0 
697 729 696 0 0 0 
729 697 730 0 0 0 
698 730 697 0 0 0 
730 698 731 0 0 0 
699 731 698 0 0 0 
731 699 732 0 0 0 
700 732 699 0 0 0 
732 700 733 0 0 0 
701 733 700 0 0 0 
733 701 734 0 0 0 
702 734 701 0 0 0 
734 702 735 0 0 0 
703 735 702 0 0 0 
735 703 736 0 0 0 
704 736 703 0 0 0 
736 704 737 0 0 0 
705 737 704 0 0 0 
737 705 738 0 0 0 
706 738 705 0 0 0 
738 706 739 0 0 0 
707 739 706 0 0 0 
739 707 740 0 0 0 
708 740 707 0 0 0 
740 708 741 0 0 0 
709 741 708 0 0 0 
741 709 742 0 0 0 
710 742 709 0 0 0 
742 710 743 0 0 0 
711 743 710 0 0 0 
743 711 744 0 0 0 
712 744 711 0 0 0 
744 712 745 0 0 0 
713 745 712 0 0 0 
745 713 746 0 0 0 
714 746 713 0 0 0 
746 714 747 0 0 0 
715 747 714 0 0 0 
747 715 748 0 0 0 
716 748 715 0 0 0 
748 716 749 0 0 0 
717 749 716 0 0 0 
749 717 750 0 0 0 
718 750 717 0 0 0 
750 718 751 0 0 0 
719 751 718 0 0 0 
751 719 752 0 0 0 
720 752 719 0 0 0 
752 720 753 0 0 0 
721 753 720 0 0 0 
753 721 754 0 0 0 
722 754 721 0 0 0 
754 722 755 0 0 0 
723 755 722 0 0 0 
755 723 756 0 0 0 
724 756 723 0 0 0 
756 724 757 0 0 0 
725 757 724 0 0 0 
757 725 758 0 0 0 
726 758 725 0 0 0 
758 726 759 0 2 0 
728 760 727 0 4 0 
760 728 761 0 0 0 
729 761 728 0 0 0 
761 729 762 0 0 0 
730 762 729 0 0 0 
762 730 763 0 0 0 
731 763 730 0 0 0 
763 731 764 0 0 0 
732 764 731 0 0 0 
764 732 765 0 0 0 
733 765 732 0 0 0 
765 733 766 0 0 0 
734 766 733 0 0 0 
766 734 767 0 0 0 
735 767 734 0 0 0 
767 735 768 0 0 0 
736 768 735 0 0 0 
768 736 769 0 0 0 
737 769 736 0 0 0 
769 737 770 0 0 0 
738 770 737 0 0 0 
770 738 771 0 0 0 
739 771 738 0 0 0 
771 739 772 0 0 0 
740 772 739 0 0 0 
772 740 773 0 0 0 
741 773 740 0 0 0 
773 741 774 0 0 0 
742 774 741 0 0 0 
774 742 775 0 0 0 
743 775 742 0 0 0 
775 743 776 0 0 0 
744 776 743 0 0 0 
776 744 777 0 0 0 
745 777 744 0 0 0 
777 745 778 0 0 0 
746 778 745 0 0 0 
778 746 779 0 0 0 
747 779 746 0 0 0 
779 747 780 0 0 0 
748 780 747 0 0 0 
780 748 781 0 0 0 
749 781 748 0 0 0 
781 749 782 0 0 0 
750 782 749 0 0 0 
782 750 783 0 0 0 
751 783 750 0 0 0 
783 751 784 0 0 0 
752 784 751 0 0 0 
784 752 785 0 0 0 
753 785 752 0 0 0 
785 753 786 0 0 0 
754 786 753 0 0 0 
786 754 787 0 0 0 
755 787 754 0 0 0 
787 755 788 0 0 0 
756 788 755 0 0 0 
788 756 789 0 0 0 
757 789 756 0 0 0 
789 757 790 0 0 0 
758 790 757 0 0 0 
790 758 791 0 0 0 
759 791 758 0 0 0 
791 759 792 0 2 0 
761 793 760 0 4 0 
793 761 794 0 0 0 
762 794 761 0 0 0 
794 762 795 0 0 0 
763 795 762 0 0 0 
795 763 796 0 0 0 
764 796 763 0 0 0 
796 764 797 0 0 0 
765 797 764 0 0 0 
797 765 798 0 0 0 
766 798 765 0 0 0 
798 766 799 0 0 0 
767 799 766 0 0 0 
799 767 800 0 0 0 
768 800 767 0 0 0 
800 768 801 0 0 0 
769 801 768 0 0 0 
801 769 802 0 0 0 
770 802 769 0 0 0 
802 770 803 0 0 0 
771 803 770 0 0 0 
803 771 804 0 0 0 
772 804 771 0 0 0 
804 772 805 0 0 0 
773 805 772 0 0 0 
805 773 806 0 0 0 
774 806 773 0 0 0 
806 774 807 0 0 0 
775 807 774 0 0 0 
807 775 808 0 0 0 
776 808 775 0 0 0 
808 776 809 0 0 0 
777 809 776 0 0 0 
809 777 810 0 0 0 
778 810 777 0 0 0 
810 778 811 0 0 0 
779 811 778 0 0 0 
811 779 812 0 0 0 
780 812 779 0 0 0 
812 780 813 0 0 0 
781 813 780 0 0 0 
813 781 814 0 0 0 
782 814 781 0 0 0 
814 782 815 0 0 0 
783 815 782 0 0 0 
815 783 816 0 0 0 
784 816 783 0 0 0 
816 784 817 0 0 0 
785 817 784 0 0 0 
817 785 818 0 0 0 
786 818 785 0 0 0 
818 786 819 0 0 0 
787 819 786 0 0 0 
819 787 820 0 0 0 
788 820 787 0 0 0 
820 788 821 0 0 0 
789 821 788 0 0 0 
821 789 822 0 0 0 
790 822 789 0 0 0 
822 790 823 0 0 0 
791 823 790 0 0 0 
823 791 824 0 0 0 
792 824 791 0 0 0 
824 792 825 0 2 0 
794 826 793 0 4 0 
826 794 827 0 0 0 
795 827 794 0 0 0 
827 795 828 0 0 0 
796 828 795 0 0 0 
828 796 829 0 0 0 
797 829 796 0 0 0 
829 797 830 0 0 0 
798 830 797 0 0 0 
830 798 831 0 0 0 
799 831 798 0 0 0 
831 799 832 0 0 0 
800 832 799 0 0 0 
832 800 833 0 0 0 
801 833 800 0 0 0 
833 801 834 0 0 0 
802 834 801 0 0 0 
834 802 835 0 0 0 
803 835 802 0 0 0 
835 803 836 0 0 0 
804 836 803 0 0 0 
836 804 837 0 0 0 
805 837 804 0 0 0 
837 805 838 0 0 0 
806 838 805 0 0 0 
838 806 839 0 0 0 
807 839 806 0 0 0 
839 807 840 0 0 0 
808 840 807 0 0 0 
840 808 841 0 0 0 
809 841 808 0 0 0 
841 809 842 0 0 0 
810 842 809 0 0 0 
842 810 843 0 0 0 
811 843 810 0 0 0 
843 811 844 0 0 0 
812 844 811 0 0 0 
844 812 845 0 0 0 
813 845 812 0 0 0 
845 813 846 0 0 0 
814 846 813 0 0 0 
846 814 847 0 0 0 
815 847 814 0 0 0 
847 815 848 0 0 0 
816 848 815 0 0 0 
848 816 849 0 0 0 
817 849 816 0 0 0 
849 817 850 0 0 0 
818 850 817 0 0 0 
850 818 851 0 0 0 
819 851 818 0 0 0 
851 819 852 0 0 0 
820 852 819 0 0 0 
852 820 853 0 0 0 
821 853 820 0 0 0 
853 821 854 0 0 0 
822 854 821 0 0 0 
854 822 855 0 0 0 
823 855 822 0 0 0 
855 823 856 0 0 0 
824 856 823 0 0 0 
856 824 857 0 0 0 
825 857 824 0 0 0 
857 825 858 0 2 0 
827 859 826 0 4 0 
859 827 860 0 0 0 
828 860 827 0 0 0 
860 828 861 0 0 0 
829 861 828 0 0 0 
861 829 862 0 0 0 
830 862 829 0 0 0 
862 830 863 0 0 0 
831 863 830 0 0 0 
863 831 864 0 0 0 
832 864 831 0 0 0 
864 832 865 0 0 0 
833 865 832 0 0 0 
865 833 866 0 0 0 
834 866 833 0 0 0 
866 834 867 0 0 0 
835 867 834 0 0 0 
867 835 868 0 0 0 
836 868 835 0 0 0 
868 836 869 0 0 0 
837 869 836 0 0 0 
869 837 870 0 0 0 
838 870 837 0 0 0 
870 838 871 0 0 0 
839 871 838 0 0 0 
871 839 872 0 0 0 
840 872 839 0 0 0 
872 840 873 0 0 0 
841 873 840 0 0 0 
873 841 874 0 0 0 
842 874 841 0 0 0 
874 842 875 0 0 0 
843 875 842 0 0 0 
875 843 876 0 0 0 
844 876 843 0 0 0 
876 844 877 0 0 0 
845 877 844 0 0 0 
877 845 878 0 0 0 
846 878 845 0 0 0 
878 846 879 0 0 0 
847 879 846 0 0 0 
879 847 880 0 0 0 
848 880 847 0 0 0 
880 848 881 0 0 0 
849 881 848 0 0 0 
881 849 882 0 0 0 
850 882 849 0 0 0 
882 850 883 0 0 0 
851 883 850 0 0 0 
883 851 884 0 0 0 
852 884 851 0 0 0 
884 852 885 0 0 0 
853 885 852 0 0 0 
885 853 886 0 0 0 
854 886 853 0 0 0 
886 854 887 0 0 0 
855 887 854 0 0 0 
887 855 888 0 0 0 
856 888 855 0 0 0 
888 856 889 0 0 0 
857 889 856 0 0 0 
889 857 890 0 0 0 
858 890 857 0 0 0 
890 858 891 0 2 0 
860 892 859 0 4 0 
892 860 893 0 0 0 
861 893 860 0 0 0 
893 861 894 0 0 0 
862 894 861 0 0 0 
894 862 895 0 0 0 
863 895 862 0 0 0 
895 863 896 0 0 0 
864 896 863 0 0 0 
896 864 897 0 0 0 
865 897 864 0 0 0 
897 865 898 0 0 0 
866 898 865 0 0 0 
898 866 899 0 0 0 
867 899 866 0 0 0 
899 867 900 0 0 0 
868 900 867 0 0 0 
900 868 901 0 0 0 
869 901 868 0 0 0 
901 869 902 0 0 0 
870 902 869 0 0 0 
902 870 903 0 0 0 
871 903 870 0 0 0 
903 871 904 0 0 0 
872 904 871 0 0 0 
904 872 905 0 0 0 
873 905 872 0 0 0 
905 873 906 0 0 0 
874 906 873 0 0 0 
906 874 907 0 0 0 
875 907 874 0 0 0 
907 875 908 0 0 0 
876 908 875 0 0 0 
908 876 909 0 0 0 
877 909 876 0 0 0 
909 877 910 0 0 0 
878 910 877 0 0 0 
910 878 911 0 0 0 
879 911 878 0 0 0 
911 879 912 0 0 0 
880 912 879 0 0 0 
912 880 913 0 0 0 
881 913 880 0 0 0 
913 881 914 0 0 0 
882 914 881 0 0 0 
914 882 915 0 0 0 
883 915 882 0 0 0 
915 883 916 0 0 0 
884 916 883 0 0 0 
916 884 917 0 0 0 
885 917 884 0 0 0 
917 885 918 0 0 0 
886 918 885 0 0 0 
918 886 919 0 0 0 
887 919 886 0 0 0 
919 887 920 0 0 0 
888 920 887 0 0 0 
920 888 921 0 0 0 
889 921 888 0 0 0 
921 889 922 0 0 0 
890 922 889 0 0 0 
922 890 923 0 0 0 
891 923 890 0 0 0 
923 891 924 0 2 0 
893 925 892 0 4 0 
925 893 926 0 0 0 
894 926 893 0 0 0 
926 894 927 0 0 0 
895 927 894 0 0 0 
927 895 928 0 0 0 
896 928 895 0 0 0 
928 896 929 0 0 0 
897 929 896 0 0 0 
929 897 930 0 0 0 
898 930 897 0 0 0 
930 898 931 0 0 0 
899 931 898 0 0 0 
931 899 932 0 0 0 
900 932 899 0 0 0 
932 900 933 0 0 0 
901 933 900 0 0 0 
933 901 934 0 0 0 
902 934 901 0 0 0 
934 902 935 0 0 0 
903 935 902 0 0 0 
935 903 936 0 0 0 
904 936 903 0 0 0 
936 904 937 0 0 0 
905 937 904 0 0 0 
937 905 938 0 0 0 
906 938 905 0 0 0 
938 906 939 0 0 0 
907 939 906 0 0 0 
939 907 940 0 0 0 
908 940 907 0 0 0 
940 908 941 0 0 0 
909 941 908 0 0 0 
941 909 942 0 0 0 
910 942 909 0 0 0 
942 910 943 0 0 0 
911 943 910 0 0 0 
943 911 944 0 0 0 
912 944 911 0 0 0 
944 912 945 0 0 0 
913 945 912 0 0 0 
945 913 946 0 0 0 
914 946 913 0 0 0 
946 914 947 0 0 0 
915 947 914 0 0 0 
947 915 948 0 0 0 
916 948 915 0 0 0 
948 916 949 0 0 0 
917 949 916 0 0 0 
949 917 950 0 0 0 
918 950 917 0 0 0 
950 918 951 0 0 0 
919 951 918 0 0 0 
951 919 952 0 0 0 
920 952 919 0 0 0 
952 920 953 0 0 0 
921 953 920 0 0 0 
953 921 954 0 0 0 
922 954 921 0 0 0 
954 922 955 0 0 0 
923 955 922 0 0 0 
955 923 956 0 0 0 
924 956 923 0 0 0 
956 924 957 0 2 0 
926 958 925 0 4 0 
958 926 959 0 0 0 
927 959 926 0 0 0 
959 927 960 0 0 0 
928 960 927 0 0 0 
960 928 961 0 0 0 
929 961 928 0 0 0 
961 929 962 0 0 0 
930 962 929 0 0 0 
962 930 963 0 0 0 
931 963 930 0 0 0 
963 931 964 0 0 0 
932 964 931 0 0 0 
964 932 965 0 0 0 
933 965 932 0 0 0 
965 933 966 0 0 0 
934 966 933 0 0 0 
966 934 967 0 0 0 
935 967 934 0 0 0 
967 935 968 0 0 0 
936 968 935 0 0 0 
968 936 969 0 0 0 
937 969 936 0 0 0 
969 937 970 0 0 0 
938 970 937 0 0 0 
970 938 971 0 0 0 
939 971 938 0 0 0 
971 939 972 0 0 0 
940 972 939 0 0 0 
972 940 973 0 0 0 
941 973 940 0 0 0 
973 941 974 0 0 0 
942 974 941 0 0 0 
974 942 975 0 0 0 
943 975 942 0 0 0 
975 943 976 0 0 0 
944 976 943 0 0 0 
976 944 977 0 0 0 
945 977 944 0 0 0 
977 945 978 0 0 0 
946 978 945 0 0 0 
978 946 979 0 0 0 
947 979 946 0 0 0 
979 947 980 0 0 0 
948 980 947 0 0 0 
980 948 981 0 0 0 
949 981 948 0 0 0 
981 949 982 0 0 0 
950 982 949 0 0 0 
982 950 983 0 0 0 
951 983 950 0 0 0 
983 951 984 0 0 0 
952 984 951 0 0 0 
984 952 985 0 0 0 
953 985 952 0 0 0 
985 953 986 0 0 0 
954 986 953 0 0 0 
986 954 987 0 0 0 
955 987 954 0 0 0 
987 955 988 0 0 0 
956 988 955 0 0 0 
988 956 989 0 0 0 
957 989 956 0 0 0 
989 957 990 0 2 0 
959 991 958 0 4 0 
991 959 992 0 0 0 
960 992 959 0 0 0 
992 960 993 0 0 0 
961 993 960 0 0 0 
993 961 994 0 0 0 
962 994 961 0 0 0 
994 962 995 0 0 0 
963 995 962 0 0 0 
995 963 996 0 0 0 
964 996 963 0 0 0 
996 964 997 0 0 0 
965 997 964 0 0 0 
997 965 998 0 0 0 
966 998 965 0 0 0 
998 966 999 0 0 0 
967 999 966 0 0 0 
999 967 1000 0 0 0 
968 1000 967 0 0 0 
1000 968 1001 0 0 0 
969 1001 968 0 0 0 
1001 969 1002 0 0 0 
970 1002 969 0 0 0 
1002 970 1003 0 0 0 
971 1003 970 0 0 0 
1003 971 1004 0 0 0 
972 1004 971 0 0 0 
1004 972 1005 0 0 0 
973 1005 972 0 0 0 
1005 973 1006 0 0 0 
974 1006 973 0 0 0 
1006 974 1007 0 0 0 
975 1007 974 0 0 0 
1007 975 1008 0 0 0 
976 1008 975 0 0 0 
1008 976 1009 0 0 0 
977 1009 976 0 0 0 
1009 977 1010 0 0 0 
978 1010 977 0 0 0 
1010 978 1011 0 0 0 
979 1011 978 0 0 0 
1011 979 1012 0 0 0 
980 1012 979 0 0 0 
1012 980 1013 0 0 0 
981 1013 980 0 0 0 
1013 981 1014 0 0 0 
982 1014 981 0 0 0 
1014 982 1015 0 0 0 
983 1015 982 0 0 0 
1015 983 1016 0 0 0 
984 1016 983 0 0 0 
1016 984 1017 0 0 0 
985 1017 984 0 0 0 
1017 985 1018 0 0 0 
986 1018 985 0 0 0 
1018 986 1019 0 0 0 
987 1019 986 0 0 0 
1019 987 1020 0 0 0 
988 1020 987 0 0 0 
1020 988 1021 0 0 0 
989 1021 988 0 0 0 
1021 989 1022 0 0 0 
990 1022 989 0 0 0 
1022 990 1023 0 2 0 
992 1024 991 0 4 0 
1024 992 1025 0 0 0 
993 1025 992 0 0 0 
1025 993 1026 0 0 0 
994 1026 993 0 0 0 
1026 994 1027 0 0 0 
995 1027 994 0 0 0 
1027 995 1028 0 0 0 
996 1028 995 0 0 0 
1028 996 1029 0 0 0 
997 1029 996 0 0 0 
1029 997 1030 0 0 0 
998 1030 997 0 0 0 
1030 998 1031 0 0 0 
999 1031 998 0 0 0 
1031 999 1032 0 0 0 
1000 1032 999 0 0 0 
1032 1000 1033 0 0 0 
1001 1033 1000 0 0 0 
1033 1001 1034 0 0 0 
1002 1034 1001 0 0 0 
1034 1002 1035 0 0 0 
1003 1035 1002 0 0 0 
1035 1003 1036 0 0 0 
1004 1036 1003 0 0 0 
1036 1004 1037 0 0 0 
1005 1037 1004 0 0 0 
1037 1005 1038 0 0 0 
1006 1038 1005 0 0 0 
1038 1006 1039 0 0 0 
1007 1039 1006 0 0 0 
1039 1007 1040 0 0 0 
1008 1040 1007 0 0 0 
1040 1008 1041 0 0 0 
1009 1041 1008 0 0 0 
1041 1009 1042 0 0 0 
1010 1042 1009 0 0 0 
1042 1010 1043 0 0 0 
1011 1043 1010 0 0 0 
1043 1011 1044 0 0 0 
1012 1044 1011 0 0 0 
1044 1012 1045 0 0 0 
1013 1045 1012 0 0 0 
1045 1013 1046 0 0 0 
1014 1046 1013 0 0 0 
1046 1014 1047 0 0 0 
1015 1047 1014 0 0 0 
1047 1015 1048 0 0 0 
1016 1048 1015 0 0 0 
1048 1016 1049 0 0 0 
1017 1049 1016 0 0 0 
1049 1017 1050 0 0 0 
1018 1050 1017 0 0 0 
1050 1018 1051 0 0 0 
1019 1051 1018 0 0 0 
1051 1019 1052 0 0 0 
1020 1052 1019 0 0 0 
1052 1020 1053 0 0 0 
1021 1053 1020 0 0 0 
1053 1021 1054 0 0 0 
1022 1054 1021 0 0 0 
1054 1022 1055 0 0 0 
1023 1055 1022 0 0 0 
1055 1023 1056 0 2 0 
1025 1057 1024 0 4 0 
1057 1025 1058 0 0 3 
1026 1058 1025 0 0 0 
1058 1026 1059 0 0 3 
1027 1059 1026 0 0 0 
1059 1027 1060 0 0 3 
1028 1060 1027 0 0 0 
1060 1028 1061 0 0 3 
1029 1061 1028 0 0 0 
1061 1029 1062 0 0 3 
1030 1062 1029 0 0 0 
1062 1030 1063 0 0 3 
1031 1063 1030 0 0 0 
1063 1031 1064 0 0 3 
1032 1064 1031 0 0 0 
1064 1032 1065 0 0 3 
1033 1065 1032 0 0 0 
1065 1033 1066 0 0 3 
1034 1066 1033 0 0 0 
1066 1034 1067 0 0 3 
1035 1067 1034 0 0 0 
1067 1035 1068 0 0 3 
1036 1068 1035 0 0 0 
1068 1036 1069 0 0 3 
1037 1069 1036 0 0 0 
1069 1037 1070 0 0 3 
1038 1070 1037 0 0 0 
1070 1038 1071 0 0 3 
1039 1071 1038 0 0 0 
1071 1039 1072 0 0 3 
1040 1072 1039 0 0 0 
1072 1040 1073 0 0 3 
1041 1073 1040 0 0 0 
1073 1041 1074 0 0 3 
1042 1074 1041 0 0 0 
1074 1042 1075 0 0 3 
1043 1075 1042 0 0 0 
1075 1043 1076 0 0 3 
1044 1076 1043 0 0 0 
1076 1044 1077 0 0 3 
1045 1077 1044 0 0 0 
1077 1045 1078 0 0 3 
1046 1078 1045 0 0 0 
1078 1046 1079 0 0 3 
1047 1079 1046 0 0 0 
1079 1047 1080 0 0 3 
1048 1080 1047 0 0 0 
1080 1048 1081 0 0 3 
1049 1081 1048 0 0 0 
1081 1049 1082 0 0 3 
1050 1082 1049 0 0 0 
1082 1050 1083 0 0 3 
1051 1083 1050 0 0 0 
1083 1051 1084 0 0 3 
1052 1084 1051 0 0 0 
1084 1052 1085 0 0 3 
1053 1085 1052 0 0 0 
1085 1053 1086 0 0 3 
1054 1086 1053 0 0 0 
1086 1054 1087 0 0 3 
1055 1087 1054 0 0 0 
1087 1055 1088 0 0 3 
1056 1088 1055 0 0 0 
1088 1056 1089 0 2 3 
