25
0.000000 0.000000
0.250000 0.000000
0.500000 0.000000
0.750000 0.000000
1.000000 0.000000
0.000000 0.250000
0.250000 0.250000
0.500000 0.250000
0.750000 0.250000
1.000000 0.250000
0.000000 0.500000
0.250000 0.500000
0.500000 0.500000
0.750000 0.500000
1.000000 0.500000
0.000000 0.750000
0.250000 0.750000
0.500000 0.750000
0.750000 0.750000
1.000000 0.750000
0.000000 1.000000
0.250000 1.000000
0.500000 1.000000
0.750000 1.000000
1.000000 1.000000
32 2 3 3
2 6 1 0 4 1 
6 2 7 0 0 0 
3 7 2 0 0 1 
7 3 8 0 0 0 
4 8 3 0 0 1 
8 4 9 0 0 0 
5 9 4 0 0 1 
9 5 10 0 2 0 
7 11 6 0 4 0 
11 7 12 0 0 0 
8 12 7 0 0 0 
12 8 13 0 0 0 
9 13 8 0 0 0 
13 9 14 0 0 0 
10 14 9 0 0 0 
14 10 15 0 2 0 
12 16 11 0 4 0 
16 12 17 0 0 0 
13 17 12 0 0 0 
17 13 18 0 0 0 
14 18 13 0 0 0 
18 14 19 0 0 0 
15 19 14 0 0 0 
19 15 20 0 2 0 
17 21 16 0 4 0 
21 17 22 0 0 3 
18 22 17 0 0 0 
22 18 23 0 0 3 
19 23 18 0 0 0 
23 19 24 0 0 3 
20 24 19 0 0 0 
24 20 25 0 2 3 
