16
0.000000 0.000000
1.000000 0.000000
2.000000 0.000000
3.000000 0.000000
0.000000 1.000000
1.000000 1.000000
2.000000 1.000000
3.000000 1.000000
0.000000 2.000000
1.000000 2.000000
2.000000 2.000000
3.000000 2.000000
0.000000 3.000000
1.000000 3.000000
2.000000 3.000000
3.000000 3.000000
18 2 3 3
2 5 1 0 4 1 
5 2 6 0 0 0 
3 6 2 0 0 1 
6 3 7 0 0 0 
4 7 3 0 0 1 
7 4 8 0 2 0 
6 9 5 0 4 0 
9 6 10 0 0 0 
7 10 6 0 0 0 
10 7 11 0 0 0 
8 11 7 0 0 0 
11 8 12 0 2 0 
10 13 9 0 4 0 
13 10 14 0 0 3 
11 14 10 0 0 0 
14 11 15 0 0 3 
12 15 11 0 0 0 
15 12 16 0 2 3 
