16
2.000000 2.000000
2.666667 2.000000
3.333333 2.000000
4.000000 2.000000
2.000000 2.666667
2.666667 2.666667
3.333333 2.666667
4.000000 2.666667
2.000000 3.333333
2.666667 3.333333
3.333333 3.333333
4.000000 3.333333
2.000000 4.000000
2.666667 4.000000
3.333333 4.000000
4.000000 4.000000
18 2 3 3
2 5 1 4 4 4
5 2 6 4 4 4
3 6 2 4 4 4
6 3 7 4 4 4
4 7 3 4 4 4
7 4 8 4 4 4
5 8 4 4 4 4
8 5 9 4 4 4
6 9 5 4 4 4
9 6 10 4 4 4
7 10 6 4 4 4
10 7 11 4 4 4
8 11 7 4 4 4
11 8 12 4 4 4
9 12 8 4 4 4
12 9 13 4 4 4
10 13 9 4 4 4
13 10 14 4 4 4
