25
0.000000 0.000000
0.250000 0.000000
0.500000 0.000000
0.750000 0.000000
1.000000 0.000000
0.000000 0.250000
0.250000 0.250000
0.500000 0.250000
0.750000 0.250000
1.000000 0.250000
0.000000 0.500000
0.250000 0.500000
0.500000 0.500000
0.750000 0.500000
1.000000 0.500000
0.000000 0.750000
0.250000 0.750000
0.500000 0.750000
0.750000 0.750000
1.000000 0.750000
0.000000 1.000000
0.250000 1.000000
0.500000 1.000000
0.750000 1.000000
1.000000 1.000000
16 1 4 4
2 7 6 1 0 0 4 1 
3 8 7 2 0 0 0 1 
4 9 8 3 0 0 0 1 
5 10 9 4 2 0 0 1 
7 12 11 6 0 0 4 0 
8 13 12 7 0 0 0 0 
9 14 13 8 0 0 0 0 
10 15 14 9 2 0 0 0 
12 17 16 11 0 0 4 0 
13 18 17 12 0 0 0 0 
14 19 18 13 0 0 0 0 
15 20 19 14 2 0 0 0 
17 22 21 16 0 3 4 0 
18 23 22 17 0 3 0 0 
19 24 23 18 0 3 0 0 
20 25 24 19 2 3 0 0 
